index  neuron   ntails   itail   ltail 
        5000      0    1     0    3 
        5000      1    1     0    3 
       10000      0    1     0    3 
       10000      1    1     0    6 
       10000      2    1     0    3 
       15000      0    2     0    7 
       15000      0    2     1    1 
       15000      1    2     0    7 
       15000      1    2     1    1 
       15000      2    1     0    3 
       15000      3    1     0    3 
       20000      0    1     0    3 
       20000      1    1     0    5 
       20000      2    1     0    7 
       20000      3    2     0    7 
       20000      3    2     1    5 
       20000      4    1     0    3 
       25000      0    1     0    7 
       25000      1    1     0    3 
       25000      2    1     0    3 
       25000      3    2     0    7 
       25000      3    2     1    3 
       25000      4    1     0    3 
       25000      5    1     0    3 
       30000      0    1     0    5 
       30000      1    1     0    3 
       30000      2    1     0    3 
       30000      3    1     0    6 
       30000      4    1     0    3 
       30000      5    1     0    3 
       30000      6    1     0    3 
       35000      0    1     0    3 
       35000      1    1     0    6 
       35000      2    1     0    5 
       35000      3    1     0    5 
       35000      4    1     0    3 
       35000      5    1     0    3 
       35000      6    1     0    6 
       35000      7    1     0    3 
       40000      0    1     0    5 
       40000      1    1     0    4 
       40000      2    1     0    3 
       40000      3    1     0    3 
       40000      4    2     0    7 
       40000      4    2     1    1 
       40000      5    1     0    3 
       40000      6    1     0    3 
       40000      7    1     0    5 
       40000      8    1     0    3 
       45000      0    1     0    5 
       45000      1    1     0    3 
       45000      2    1     0    3 
       45000      3    1     0    3 
       45000      4    1     0    5 
       45000      5    1     0    3 
       45000      6    1     0    3 
       45000      7    1     0    5 
       45000      8    2     0    7 
       45000      8    2     1    1 
       45000      9    1     0    3 
       50000      0    1     0    5 
       50000      1    1     0    4 
       50000      2    1     0    3 
       50000      3    2     0    7 
       50000      3    2     1    2 
       50000      4    1     0    3 
       50000      5    1     0    3 
       50000      6    1     0    3 
       50000      7    1     0    3 
       50000      8    1     0    7 
       50000      9    2     0    7 
       50000      9    2     1    1 
       50000     10    1     0    3 
       55000      0    1     0    3 
       55000      1    1     0    4 
       55000      2    1     0    7 
       55000      3    2     0    7 
       55000      3    2     1    4 
       55000      4    1     0    3 
       55000      5    1     0    3 
       55000      6    1     0    6 
       55000      7    1     0    3 
       55000      8    1     0    7 
       55000      9    2     0    7 
       55000      9    2     1    1 
       55000     10    2     0    7 
       55000     10    2     1    2 
       55000     11    1     0    3 
       60000      0    1     0    3 
       60000      1    2     0    7 
       60000      1    2     1    1 
       60000      2    2     0    7 
       60000      2    2     1    1 
       60000      3    1     0    7 
       60000      4    1     0    7 
       60000      5    1     0    3 
       60000      6    1     0    6 
       60000      7    2     0    7 
       60000      7    2     1    1 
       60000      8    1     0    3 
       60000      9    2     0    7 
       60000      9    2     1    1 
       60000     10    1     0    7 
       60000     11    1     0    3 
       60000     12    1     0    3 
       65000      0    1     0    3 
       65000      1    1     0    7 
       65000      2    1     0    5 
       65000      3    1     0    3 
       65000      4    1     0    7 
       65000      5    1     0    6 
       65000      6    1     0    3 
       65000      7    1     0    5 
       65000      8    1     0    3 
       65000      9    1     0    7 
       65000     10    1     0    7 
       65000     11    1     0    3 
       65000     12    2     0    7 
       65000     12    2     1    1 
       65000     13    1     0    3 
       70000      0    1     0    5 
       70000      1    1     0    5 
       70000      2    1     0    5 
       70000      3    1     0    3 
       70000      4    1     0    5 
       70000      5    1     0    4 
       70000      6    2     0    7 
       70000      6    2     1    1 
       70000      7    1     0    5 
       70000      8    1     0    5 
       70000      9    1     0    5 
       70000     10    1     0    3 
       70000     11    1     0    3 
       70000     12    1     0    7 
       70000     13    1     0    3 
       70000     14    1     0    3 
       75000      0    1     0    5 
       75000      1    1     0    5 
       75000      2    1     0    3 
       75000      3    1     0    3 
       75000      4    1     0    5 
       75000      5    1     0    4 
       75000      6    2     0    7 
       75000      6    2     1    3 
       75000      7    1     0    3 
       75000      8    1     0    5 
       75000      9    1     0    3 
       75000     10    1     0    5 
       75000     11    1     0    7 
       75000     12    1     0    7 
       75000     13    1     0    5 
       75000     14    1     0    7 
       75000     15    1     0    3 
       80000      0    1     0    3 
       80000      1    1     0    3 
       80000      2    2     0    7 
       80000      2    2     1    1 
       80000      3    1     0    3 
       80000      4    1     0    3 
       80000      5    1     0    3 
       80000      6    1     0    7 
       80000      7    1     0    5 
       80000      8    1     0    3 
       80000      9    1     0    3 
       80000     10    1     0    5 
       80000     11    2     0    7 
       80000     11    2     1    1 
       80000     12    1     0    5 
       80000     13    1     0    5 
       80000     14    1     0    7 
       80000     15    1     0    3 
       80000     16    1     0    3 
       85000      0    1     0    7 
       85000      1    2     0    7 
       85000      1    2     1    1 
       85000      2    2     0    7 
       85000      2    2     1    2 
       85000      3    2     0    7 
       85000      3    2     1    1 
       85000      4    1     0    3 
       85000      5    1     0    3 
       85000      6    2     0    7 
       85000      6    2     1    2 
       85000      7    1     0    5 
       85000      8    1     0    3 
       85000      9    1     0    7 
       85000     10    1     0    3 
       85000     11    1     0    3 
       85000     12    1     0    5 
       85000     13    1     0    5 
       85000     14    1     0    5 
       85000     15    1     0    7 
       85000     16    1     0    5 
       85000     17    1     0    3 
       90000      0    2     0    7 
       90000      0    2     1    1 
       90000      1    1     0    5 
       90000      2    2     0    7 
       90000      2    2     1    1 
       90000      3    1     0    7 
       90000      4    1     0    7 
       90000      5    1     0    3 
       90000      6    1     0    6 
       90000      7    1     0    3 
       90000      8    1     0    7 
       90000      9    2     0    7 
       90000      9    2     1    1 
       90000     10    1     0    3 
       90000     11    1     0    3 
       90000     12    1     0    5 
       90000     13    1     0    3 
       90000     14    1     0    3 
       90000     15    2     0    7 
       90000     15    2     1    1 
       90000     16    1     0    5 
       90000     17    1     0    3 
       90000     18    1     0    3 
       95000      0    1     0    4 
       95000      1    1     0    3 
       95000      2    2     0    7 
       95000      2    2     1    3 
       95000      3    1     0    6 
       95000      4    1     0    3 
       95000      5    1     0    6 
       95000      6    2     0    7 
       95000      6    2     1    1 
       95000      7    1     0    3 
       95000      8    1     0    3 
       95000      9    1     0    7 
       95000     10    1     0    3 
       95000     11    1     0    3 
       95000     12    1     0    3 
       95000     13    1     0    3 
       95000     14    1     0    3 
       95000     15    2     0    7 
       95000     15    2     1    3 
       95000     16    1     0    3 
       95000     17    1     0    3 
       95000     18    1     0    3 
       95000     19    1     0    3 
      100000      0    1     0    3 
      100000      1    1     0    3 
      100000      2    2     0    7 
      100000      2    2     1    5 
      100000      3    1     0    4 
      100000      4    1     0    7 
      100000      5    1     0    3 
      100000      6    1     0    3 
      100000      7    1     0    5 
      100000      8    1     0    7 
      100000      9    1     0    7 
      100000     10    1     0    7 
      100000     11    1     0    3 
      100000     12    1     0    3 
      100000     13    1     0    5 
      100000     14    1     0    3 
      100000     15    2     0    7 
      100000     15    2     1    1 
      100000     16    1     0    7 
      100000     17    2     0    7 
      100000     17    2     1    1 
      100000     18    1     0    3 
      100000     19    2     0    7 
      100000     19    2     1    2 
      100000     20    1     0    3 
      105000      0    1     0    3 
      105000      1    1     0    3 
      105000      2    2     0    7 
      105000      2    2     1    1 
      105000      3    1     0    3 
      105000      4    2     0    7 
      105000      4    2     1    1 
      105000      5    1     0    3 
      105000      6    2     0    7 
      105000      6    2     1    2 
      105000      7    1     0    5 
      105000      8    1     0    4 
      105000      9    1     0    5 
      105000     10    1     0    5 
      105000     11    1     0    5 
      105000     12    1     0    3 
      105000     13    1     0    3 
      105000     14    1     0    5 
      105000     15    1     0    3 
      105000     16    1     0    5 
      105000     17    2     0    7 
      105000     17    2     1    1 
      105000     18    1     0    3 
      105000     19    1     0    7 
      105000     20    2     0    7 
      105000     20    2     1    1 
      105000     21    1     0    3 
      110000      0    1     0    3 
      110000      1    1     0    3 
      110000      2    1     0    5 
      110000      3    1     0    3 
      110000      4    2     0    7 
      110000      4    2     1    2 
      110000      5    1     0    4 
      110000      6    1     0    3 
      110000      7    1     0    5 
      110000      8    1     0    4 
      110000      9    1     0    3 
      110000     10    1     0    5 
      110000     11    1     0    3 
      110000     12    2     0    7 
      110000     12    2     1    2 
      110000     13    1     0    3 
      110000     14    1     0    5 
      110000     15    1     0    3 
      110000     16    1     0    5 
      110000     17    2     0    7 
      110000     17    2     1    2 
      110000     18    1     0    3 
      110000     19    2     0    7 
      110000     19    2     1    1 
      110000     20    1     0    7 
      110000     21    2     0    7 
      110000     21    2     1    2 
      110000     22    1     0    3 
      115000      0    1     0    3 
      115000      1    2     0    7 
      115000      1    2     1    3 
      115000      2    1     0    5 
      115000      3    2     0    7 
      115000      3    2     1    1 
      115000      4    2     0    7 
      115000      4    2     1    3 
      115000      5    1     0    3 
      115000      6    2     0    7 
      115000      6    2     1    1 
      115000      7    1     0    3 
      115000      8    1     0    3 
      115000      9    1     0    3 
      115000     10    1     0    5 
      115000     11    2     0    7 
      115000     11    2     1    1 
      115000     12    1     0    3 
      115000     13    1     0    3 
      115000     14    1     0    3 
      115000     15    2     0    7 
      115000     15    2     1    2 
      115000     16    1     0    3 
      115000     17    1     0    5 
      115000     18    1     0    3 
      115000     19    1     0    7 
      115000     20    2     0    7 
      115000     20    2     1    1 
      115000     21    2     0    7 
      115000     21    2     1    1 
      115000     22    2     0    7 
      115000     22    2     1    1 
      115000     23    1     0    3 
      120000      0    1     0    3 
      120000      1    2     0    7 
      120000      1    2     1    2 
      120000      2    1     0    3 
      120000      3    1     0    7 
      120000      4    1     0    7 
      120000      5    1     0    3 
      120000      6    1     0    4 
      120000      7    1     0    3 
      120000      8    2     0    7 
      120000      8    2     1    2 
      120000      9    2     0    7 
      120000      9    2     1    1 
      120000     10    1     0    3 
      120000     11    1     0    5 
      120000     12    1     0    5 
      120000     13    2     0    7 
      120000     13    2     1    0 
      120000     14    1     0    3 
      120000     15    2     0    7 
      120000     15    2     1    1 
      120000     16    1     0    5 
      120000     17    1     0    5 
      120000     18    2     0    7 
      120000     18    2     1    1 
      120000     19    2     0    7 
      120000     19    2     1    1 
      120000     20    1     0    5 
      120000     21    2     0    7 
      120000     21    2     1    3 
      120000     22    1     0    7 
      120000     23    1     0    7 
      120000     24    1     0    3 
      125000      0    2     0    7 
      125000      0    2     1    1 
      125000      1    1     0    5 
      125000      2    1     0    3 
      125000      3    2     0    7 
      125000      3    2     1    5 
      125000      4    1     0    7 
      125000      5    1     0    3 
      125000      6    1     0    4 
      125000      7    2     0    7 
      125000      7    2     1    2 
      125000      8    2     0    7 
      125000      8    2     1    1 
      125000      9    2     0    7 
      125000      9    2     1    1 
      125000     10    1     0    3 
      125000     11    1     0    5 
      125000     12    1     0    3 
      125000     13    2     0    7 
      125000     13    2     1    0 
      125000     14    2     0    7 
      125000     14    2     1    1 
      125000     15    1     0    4 
      125000     16    1     0    6 
      125000     17    1     0    3 
      125000     18    2     0    7 
      125000     18    2     1    1 
      125000     19    2     0    7 
      125000     19    2     1    1 
      125000     20    1     0    3 
      125000     21    2     0    7 
      125000     21    2     1    3 
      125000     22    1     0    3 
      125000     23    2     0    7 
      125000     23    2     1    3 
      125000     24    2     0    7 
      125000     24    2     1    1 
      125000     25    1     0    3 
      130000      0    1     0    4 
      130000      1    1     0    5 
      130000      2    1     0    3 
      130000      3    2     0    7 
      130000      3    2     1    1 
      130000      4    1     0    5 
      130000      5    1     0    6 
      130000      6    1     0    3 
      130000      7    1     0    5 
      130000      8    1     0    5 
      130000      9    1     0    7 
      130000     10    1     0    7 
      130000     11    1     0    3 
      130000     12    1     0    3 
      130000     13    1     0    5 
      130000     14    1     0    3 
      130000     15    1     0    3 
      130000     16    1     0    4 
      130000     17    2     0    7 
      130000     17    2     1    1 
      130000     18    2     0    7 
      130000     18    2     1    1 
      130000     19    1     0    5 
      130000     20    1     0    3 
      130000     21    2     0    7 
      130000     21    2     1    1 
      130000     22    2     0    7 
      130000     22    2     1    1 
      130000     23    1     0    3 
      130000     24    2     0    7 
      130000     24    2     1    3 
      130000     25    1     0    3 
      130000     26    1     0    3 
      135000      0    1     0    4 
      135000      1    1     0    3 
      135000      2    2     0    7 
      135000      2    2     1    1 
      135000      3    1     0    4 
      135000      4    1     0    5 
      135000      5    1     0    6 
      135000      6    1     0    3 
      135000      7    1     0    3 
      135000      8    1     0    3 
      135000      9    1     0    3 
      135000     10    1     0    5 
      135000     11    2     0    7 
      135000     11    2     1    1 
      135000     12    2     0    7 
      135000     12    2     1    1 
      135000     13    1     0    6 
      135000     14    1     0    3 
      135000     15    1     0    3 
      135000     16    1     0    4 
      135000     17    2     0    7 
      135000     17    2     1    1 
      135000     18    1     0    3 
      135000     19    1     0    5 
      135000     20    2     0    7 
      135000     20    2     1    3 
      135000     21    1     0    3 
      135000     22    1     0    4 
      135000     23    1     0    3 
      135000     24    2     0    7 
      135000     24    2     1    2 
      135000     25    1     0    3 
      135000     26    1     0    5 
      135000     27    1     0    3 
      140000      0    2     0    7 
      140000      0    2     1    0 
      140000      1    1     0    3 
      140000      2    2     0    7 
      140000      2    2     1    3 
      140000      3    1     0    4 
      140000      4    1     0    3 
      140000      5    1     0    3 
      140000      6    2     0    7 
      140000      6    2     1    1 
      140000      7    1     0    3 
      140000      8    1     0    3 
      140000      9    1     0    3 
      140000     10    1     0    3 
      140000     11    2     0    7 
      140000     11    2     1    3 
      140000     12    1     0    6 
      140000     13    1     0    4 
      140000     14    1     0    7 
      140000     15    2     0    7 
      140000     15    2     1    5 
      140000     16    1     0    3 
      140000     17    2     0    7 
      140000     17    2     1    5 
      140000     18    1     0    5 
      140000     19    1     0    3 
      140000     20    1     0    5 
      140000     21    1     0    3 
      140000     22    1     0    3 
      140000     23    1     0    5 
      140000     24    2     0    7 
      140000     24    2     1    1 
      140000     25    1     0    3 
      140000     26    1     0    5 
      140000     27    2     0    7 
      140000     27    2     1    4 
      140000     28    1     0    3 
      145000      0    2     0    7 
      145000      0    2     1    1 
      145000      1    2     0    7 
      145000      1    2     1    3 
      145000      2    1     0    5 
      145000      3    1     0    5 
      145000      4    1     0    3 
      145000      5    1     0    3 
      145000      6    1     0    5 
      145000      7    1     0    5 
      145000      8    2     0    7 
      145000      8    2     1    3 
      145000      9    1     0    3 
      145000     10    1     0    3 
      145000     11    1     0    5 
      145000     12    1     0    3 
      145000     13    1     0    4 
      145000     14    1     0    5 
      145000     15    2     0    7 
      145000     15    2     1    2 
      145000     16    1     0    3 
      145000     17    1     0    7 
      145000     18    1     0    5 
      145000     19    1     0    7 
      145000     20    1     0    3 
      145000     21    1     0    3 
      145000     22    2     0    7 
      145000     22    2     1    1 
      145000     23    1     0    5 
      145000     24    2     0    7 
      145000     24    2     1    1 
      145000     25    1     0    3 
      145000     26    1     0    3 
      145000     27    1     0    5 
      145000     28    1     0    7 
      145000     29    1     0    3 
