           0 0.000000     0.00000 
        5000 50.000000      87.530 
       10000 100.000000     208.596 
       15000 150.000000     137.205 
       20000 200.000000     247.112 
       25000 250.000000     327.374 
       30000 300.000000     392.105 
       35000 350.000000     463.656 
       40000 400.000000     591.380 
       45000 450.000000     548.533 
       50000 500.000000     597.174 
       55000 550.000000     645.372 
       60000 600.000000     668.500 
       65000 650.000000     707.402 
       70000 700.000000     789.367 
       75000 750.000000     906.797 
       80000 800.000000    1041.464 
       85000 850.000000    1161.834 
       90000 900.000000    1341.419 
       95000 950.000000    1511.289 
      100000 1000.000000    1700.344 
      105000 1050.000000    1906.224 
      110000 1100.000000    2081.558 
      115000 1150.000000    2140.153 
      120000 1200.000000    2276.201 
      125000 1250.000000    2320.097 
      130000 1300.000000    2407.269 
      135000 1350.000000    2570.659 
      140000 1400.000000    2575.140 
      145000 1450.000000    2939.617 
