           0 0.000000	00046.653
        5000 50.000000	00040.220	00000.000
       10000 100.000000	00034.871	00028.850	00000.000
       15000 150.000000	00001.963	00084.960	00055.497	00000.000
       20000 200.000000	00005.564	00302.210	00145.317	00033.334	00000.000
       25000 250.000000	00000.010	00307.737	00259.243	00109.922	00405.128	00000.000
       30000 300.000000	00029.732	00368.807	00271.115	00103.065	01137.317	00059.586	00000.000
       35000 350.000000	00117.846	00330.071	00292.796	00150.208	01288.649	00061.322	00054.095	00000.000
       40000 400.000000	00631.316	00178.683	00286.440	00343.718	01189.110	00092.816	00158.202	00211.603	00000.000
       45000 450.000000	00631.316	00154.533	00300.491	00343.718	00546.182	00103.833	00375.242	00304.853	00040.660	00000.000
       50000 500.000000	00842.724	00080.250	00335.586	00527.270	00258.823	00040.992	00461.289	00498.951	00004.532	00032.904	00000.000
       55000 550.000000	01073.176	00007.340	00287.745	00696.974	00258.823	00099.877	00519.481	00510.080	00017.688	00072.872	00060.446	00000.000
       60000 600.000000	01227.793	00088.337	00215.873	00814.509	00153.442	00151.103	00528.059	00716.365	00043.119	00060.893	00192.633	00000.991	00000.000
       65000 650.000000	01474.059	00190.202	00091.345	00911.002	00226.064	00100.353	00315.434	01129.391	00096.469	00028.932	00229.071	00147.455	00013.862	00000.000
       70000 700.000000	02072.913	00321.007	00087.705	01111.356	00335.217	00046.896	00384.755	01138.249	00193.594	00000.679	00357.274	00090.007	00108.807	00174.837	00000.000
       75000 750.000000	02145.338	00310.665	00012.583	01636.187	00335.217	00035.422	00600.759	01444.295	00224.308	00005.829	00689.753	00238.739	00115.112	00788.783	00066.281	00000.000
       80000 800.000000	03013.589	00713.667	00000.792	01939.628	00558.540	00028.118	00334.274	02448.684	00126.165	00043.962	00758.325	00404.341	00346.208	00917.175	00173.977	00013.345	00000.000
       85000 850.000000	03072.253	00660.006	00000.613	01974.123	00717.551	00089.825	00206.762	02438.099	00059.437	00072.277	01651.852	00610.526	00344.540	01055.456	00471.420	00000.284	00088.933	00000.000
       90000 900.000000	02713.607	00996.863	00028.371	02172.435	02562.317	00062.811	00179.750	03318.887	00051.531	00092.572	01657.820	00748.023	00644.913	00481.773	01118.759	00007.454	00089.089	00155.646	00000.000
       95000 950.000000	03015.146	01123.991	00057.112	02355.994	03084.873	00060.523	00163.525	03668.571	00027.633	00179.828	02954.814	00781.261	01044.008	00346.586	01118.759	00018.211	00205.719	00010.945	00002.698	00000.000
      100000 1000.000000	02824.244	01337.269	00039.490	02136.313	03933.138	00014.586	00071.565	05723.786	00000.716	00454.789	03623.580	00856.674	01355.484	00134.230	01428.695	00013.471	00206.592	00024.395	00009.804	00011.381	00000.000
      105000 1050.000000	02658.096	01688.720	00116.071	01785.068	04542.838	00007.050	00041.943	05723.786	00005.365	00682.472	04332.420	01549.907	01761.497	00054.489	01598.130	00053.623	00019.521	00032.279	00071.808	00017.948	00001.335	00000.000
      110000 1100.000000	02515.134	01717.728	00262.151	01652.452	05237.362	00028.501	00027.870	06005.514	00018.863	00831.790	04426.190	01541.486	02008.011	00054.489	01598.130	00099.233	00000.814	00073.828	00000.097	00131.122	00013.742	00080.169	00000.000
      115000 1150.000000	02652.820	00800.535	00262.151	01780.823	05420.247	00103.528	00006.461	07303.797	00146.603	01076.835	04871.078	01492.846	02180.138	00056.052	01183.549	00202.349	00021.430	00000.109	00060.733	00137.873	00007.125	00153.015	00068.120	00000.000
      120000 1200.000000	02506.840	00560.266	00354.571	01879.617	05882.703	00223.867	00000.024	07840.708	00226.738	01571.226	05282.836	01905.445	02827.099	00035.753	00899.540	00142.390	00022.540	00000.109	00108.533	00207.574	00024.057	00370.321	00075.616	00000.098	00000.000
      125000 1250.000000	02543.965	00801.013	00405.958	02049.634	05326.341	00462.896	00005.076	07299.955	00245.612	02032.891	04890.523	02081.722	03249.320	00009.190	01460.668	00211.334	00022.856	00072.119	00040.744	00339.542	00095.145	00562.598	00048.207	00005.693	00007.283	00000.000
      130000 1300.000000	01580.584	00770.642	00988.499	01968.583	04245.175	00561.309	00091.618	06017.123	00201.651	02137.806	04959.715	01214.330	03696.071	00059.378	01766.981	00355.891	00006.583	00136.078	00022.940	00712.698	00095.145	00488.989	00080.393	00007.892	00157.503	00385.565	00000.000
      135000 1350.000000	01603.706	00665.135	00960.854	02953.208	04245.181	00457.383	00097.281	05422.068	00523.360	02665.747	05264.337	01166.069	04003.073	00065.633	01942.152	00413.923	00006.579	00203.262	00040.023	00711.853	00054.804	00425.563	00044.911	00025.983	00194.724	00446.189	00280.675	00000.000
      140000 1400.000000	00558.919	00627.748	01017.779	02952.792	03430.515	00414.492	00090.354	05422.068	00584.190	02593.603	05839.982	00962.943	04517.100	00077.793	02002.343	00394.510	00000.641	00286.380	00024.212	01047.976	00214.060	00279.707	00003.107	00036.570	00142.119	00609.792	00278.329	00080.818	00000.000
      145000 1450.000000	00270.333	00605.764	01545.302	03671.515	03725.191	00721.031	00418.327	06401.744	01749.771	02824.336	06130.897	00923.262	05566.113	00076.637	02804.099	00320.436	00000.071	00249.834	00024.212	01197.336	00120.429	00263.230	00029.421	00039.813	00246.233	00922.337	00848.379	00396.039	00001.183	00000.000
