           0 0.000000     0.00000 
        5000 50.000000     0.11612 
       10000 100.000000     0.08707 
       15000 150.000000     0.05249 
       20000 200.000000     0.04707 
       25000 250.000000     0.03595 
       30000 300.000000     0.02465 
       35000 350.000000     0.02500 
       40000 400.000000     0.03118 
       45000 450.000000     0.02790 
       50000 500.000000     0.02733 
       55000 550.000000     0.02538 
       60000 600.000000     0.02407 
       65000 650.000000     0.02157 
       70000 700.000000     0.01944 
       75000 750.000000     0.01790 
       80000 800.000000     0.01497 
       85000 850.000000     0.01560 
       90000 900.000000     0.01487 
       95000 950.000000     0.01589 
      100000 1000.000000     0.01602 
      105000 1050.000000     0.01714 
      110000 1100.000000     0.01757 
      115000 1150.000000     0.01843 
      120000 1200.000000     0.01731 
      125000 1250.000000     0.01691 
      130000 1300.000000     0.01640 
      135000 1350.000000     0.01664 
      140000 1400.000000     0.01645 
      145000 1450.000000     0.01651 
