0.000000 	    46.653 	    38.330  	   0.00000 	   0.00000 	   0.00000 	    0.00000	   0.00000	   0.00000	   0.00000	   0.00000
   50.000000 	    52.995 	    26.718  	   0.12684 	  -0.23224 	   0.00000 	   0.00000	   0.00000	   0.00000	   0.00000	   0.00000
 50.000000 	    62.857 	    32.847  	   0.00000 	   0.00000 	   0.00000 	   0.00000	   0.00000	   0.00000	   0.00000	   0.00000
 100.000000 	    52.558 	    14.760  	  -0.00873 	  -0.23916 	   0.00000 	   0.00000	   0.00000	   1.33333	   1.33333	   0.00000
 100.000000 	    68.228 	    30.296  	   0.10742 	  -0.05103 	   1.05980 	   0.00000	   0.00000	   1.33333	   1.33333	   0.00000
 100.000000 	    80.490 	    39.775  	   0.00000 	   0.00000 	   0.00000 	   0.00000	   0.00000	   1.33333	   1.33333	   0.00000
 150.000000 	    48.054 	    22.569  	  -0.09008 	   0.15619 	   1.01520 	   0.00000	   0.00000	   0.75000	   0.75000	   0.00000
 150.000000 	    72.074 	    29.120  	   0.07692 	  -0.02353 	   0.76840 	   0.00000	   0.00000	   0.75000	   0.75000	   0.00000
 150.000000 	    73.040 	    51.779  	  -0.14899 	   0.24008 	   0.00000 	   0.00000	   0.00000	   0.75000	   0.75000	   0.00000
 150.000000 	   123.725 	    49.317  	   0.00000 	   0.00000 	   0.00000 	   0.00000	   0.00000	   0.75000	   0.75000	   0.00000
 200.000000 	    49.012 	    27.432  	   0.01915 	   0.09726 	   1.51080 	   0.00000	   0.20000	   2.60000	   2.60000	   0.00000
 200.000000 	    80.241 	    22.325  	   0.16334 	  -0.13589 	   1.47660 	   0.00000	   0.20000	   2.60000	   2.60000	   0.00000
 200.000000 	    68.435 	    62.364  	  -0.09210 	   0.21170 	   0.88240 	   0.00000	   0.20000	   2.60000	   2.60000	   0.00000
 200.000000 	   129.499 	    52.381  	   0.11547 	   0.06128 	   0.70920 	   0.00000	   0.20000	   2.60000	   2.60000	   0.00000
 200.000000 	   103.211 	    35.515  	   0.00000 	   0.00000 	   0.00000 	   0.00000	   0.20000	   2.60000	   2.60000	   0.00000
 250.000000 	    46.753 	    30.315  	  -0.04517 	   0.05767 	   0.02380 	   0.00000	   0.00000	   0.33333	   0.33333	   0.00000
 250.000000 	    80.399 	    22.123  	   0.00316 	  -0.00404 	   0.96420 	   0.00000	   0.00000	   0.33333	   0.33333	   0.00000
 250.000000 	    64.389 	    64.474  	  -0.08093 	   0.04221 	   0.46580 	   0.00000	   0.00000	   0.33333	   0.33333	   0.00000
 250.000000 	   134.210 	    58.915  	   0.09422 	   0.13068 	   1.99160 	   0.00000	   0.00000	   0.33333	   0.33333	   0.00000
 250.000000 	   123.339 	    34.631  	   0.40256 	  -0.01769 	   0.00000 	   0.00000	   0.00000	   0.33333	   0.33333	   0.00000
 250.000000 	   120.578 	    32.747  	   0.00000 	   0.00000 	   0.00000 	   0.00000	   0.00000	   0.33333	   0.33333	   0.00000
 300.000000 	    52.105 	    35.690  	   0.10705 	   0.10749 	   0.99980 	   1.00000	   0.14286	   1.71429	   1.71429	   0.00000
 300.000000 	    82.061 	    20.670  	   0.03324 	  -0.02906 	   0.32880 	   0.00000	   0.14286	   1.71429	   1.71429	   0.00000
 300.000000 	    64.024 	    62.729  	  -0.00729 	  -0.03490 	   0.00000 	   0.00000	   0.14286	   1.71429	   1.71429	   0.00000
 300.000000 	   133.877 	    58.006  	  -0.00665 	  -0.01817 	   0.40700 	   0.00000	   0.14286	   1.71429	   1.71429	   0.00000
 300.000000 	   136.935 	    34.153  	   0.27193 	  -0.00956 	   0.47580 	   1.00000	   0.14286	   1.71429	   1.71429	   0.00000
 300.000000 	   112.859 	    28.798  	  -0.15438 	  -0.07897 	   0.01640 	   1.00000	   0.14286	   1.71429	   1.71429	   0.00000
 300.000000 	    56.104 	    44.031  	   0.00000 	   0.00000 	   0.00000 	   0.00000	   0.14286	   1.71429	   1.71429	   0.00000
 350.000000 	    57.508 	    38.081  	   0.10806 	   0.04783 	   0.25120 	   1.00000	   0.25000	   0.37500	   0.37500	   0.00000
 350.000000 	    81.025 	    21.523  	  -0.02073 	   0.01705 	   0.00000 	   0.00000	   0.25000	   0.37500	   0.37500	   0.00000
 350.000000 	    63.378 	    71.535  	  -0.01291 	   0.17612 	   0.50100 	   1.00000	   0.25000	   0.37500	   0.37500	   0.00000
 350.000000 	   135.981 	    64.319  	   0.04208 	   0.12624 	   0.58900 	   0.00000	   0.25000	   0.37500	   0.37500	   0.00000
 350.000000 	   139.109 	    32.869  	   0.04347 	  -0.02567 	   0.00000 	   0.00000	   0.25000	   0.37500	   0.37500	   0.00000
 350.000000 	   112.747 	    26.749  	  -0.00223 	  -0.04098 	   0.00000 	   0.00000	   0.25000	   0.37500	   0.37500	   0.00000
 350.000000 	    48.749 	    47.066  	  -0.14710 	   0.06069 	   0.40260 	   2.00000	   0.25000	   0.37500	   0.37500	   0.00000
 350.000000 	    50.835 	    47.433  	   0.00000 	   0.00000 	   0.00000 	   0.00000	   0.25000	   0.37500	   0.37500	   0.00000
 400.000000 	    71.779 	    24.519  	   0.28541 	  -0.27124 	   1.58080 	   0.00000	   0.44444	   1.00000	   1.00000	   0.00000
 400.000000 	    76.224 	    16.095  	  -0.09601 	  -0.10856 	   0.99880 	   0.00000	   0.44444	   1.00000	   1.00000	   0.00000
 400.000000 	    63.565 	    73.780  	   0.00373 	   0.04489 	   0.73020 	   0.00000	   0.44444	   1.00000	   1.00000	   0.00000
 400.000000 	   142.265 	    67.888  	   0.12567 	   0.07140 	   0.99200 	   0.00000	   0.44444	   1.00000	   1.00000	   0.00000
 400.000000 	   137.694 	    33.557  	  -0.02829 	   0.01376 	   1.29760 	   2.00000	   0.44444	   1.00000	   1.00000	   0.00000
 400.000000 	   110.944 	    25.667  	  -0.03607 	  -0.02165 	   0.28340 	   2.00000	   0.44444	   1.00000	   1.00000	   0.00000
 400.000000 	    43.526 	    53.013  	  -0.10446 	   0.11895 	   0.00000 	   2.00000	   0.44444	   1.00000	   1.00000	   0.00000
 400.000000 	    65.382 	    58.536  	   0.29093 	   0.22206 	   0.51640 	   5.00000	   0.44444	   1.00000	   1.00000	   0.00000
 400.000000 	   126.883 	    39.380  	   0.00000 	   0.00000 	   0.00000 	   0.00000	   0.44444	   1.00000	   1.00000	   0.00000
 450.000000 	    71.779 	    24.519  	   0.00000 	   0.00000 	   1.00000 	   0.00000	   0.20000	   0.70000	   0.70000	   0.00000
 450.000000 	    75.288 	    16.638  	  -0.01872 	   0.01086 	   0.20100 	   0.00000	   0.20000	   0.70000	   0.70000	   0.00000
 450.000000 	    63.155 	    78.269  	  -0.00820 	   0.08978 	   0.00000 	   0.00000	   0.20000	   0.70000	   0.70000	   0.00000
 450.000000 	   142.265 	    67.888  	   0.00000 	   0.00000 	   1.00000 	   0.00000	   0.20000	   0.70000	   0.70000	   0.00000
 450.000000 	   126.582 	    34.002  	  -0.22226 	   0.00890 	   1.17560 	   0.00000	   0.20000	   0.70000	   0.70000	   0.00000
 450.000000 	   110.388 	    21.998  	  -0.01111 	  -0.07337 	   0.00000 	   0.00000	   0.20000	   0.70000	   0.70000	   0.00000
 450.000000 	    36.733 	    56.159  	  -0.13587 	   0.06291 	   0.00000 	   0.00000	   0.20000	   0.70000	   0.70000	   0.00000
 450.000000 	    68.296 	    58.959  	   0.05827 	   0.00846 	   0.72540 	   1.00000	   0.20000	   0.70000	   0.70000	   0.00000
 450.000000 	   120.507 	    41.942  	  -0.12753 	   0.05124 	   0.78820 	   0.00000	   0.20000	   0.70000	   0.70000	   0.00000
 450.000000 	   163.967 	    39.290  	   0.00000 	   0.00000 	   0.00000 	   0.00000	   0.20000	   0.70000	   0.70000	   0.00000
 500.000000 	    75.682 	    24.584  	   0.07807 	   0.00129 	   0.00160 	   0.00000	   0.27273	   0.81818	   0.81818	   0.00000
 500.000000 	    71.815 	    11.107  	  -0.06946 	  -0.11061 	   0.89400 	   0.00000	   0.27273	   0.81818	   0.81818	   0.00000
 500.000000 	    62.171 	    81.236  	  -0.01969 	   0.05934 	   0.00000 	   1.00000	   0.27273	   0.81818	   0.81818	   0.00000
 500.000000 	   146.688 	    64.343  	   0.08845 	  -0.07090 	   1.48160 	   0.00000	   0.27273	   0.81818	   0.81818	   0.00000
 500.000000 	   119.299 	    33.734  	  -0.14565 	  -0.00535 	   0.93600 	   0.00000	   0.27273	   0.81818	   0.81818	   0.00000
 500.000000 	   114.176 	    19.359  	   0.07575 	  -0.05277 	   0.00000 	   0.00000	   0.27273	   0.81818	   0.81818	   0.00000
 500.000000 	    34.626 	    56.756  	  -0.04213 	   0.01194 	   0.00000 	   0.00000	   0.27273	   0.81818	   0.81818	   0.00000
 500.000000 	    73.173 	    69.548  	   0.09754 	   0.21177 	   0.64200 	   0.00000	   0.27273	   0.81818	   0.81818	   0.00000
 500.000000 	   124.754 	    45.915  	   0.08495 	   0.07944 	   1.93580 	   0.00000	   0.27273	   0.81818	   0.81818	   0.00000
 500.000000 	   158.231 	    37.516  	  -0.11472 	  -0.03548 	   1.38640 	   0.00000	   0.27273	   0.81818	   0.81818	   0.00000
 500.000000 	    86.107 	    46.068  	   0.00000 	   0.00000 	   0.00000 	   0.00000	   0.27273	   0.81818	   0.81818	   0.00000
 550.000000 	    79.412 	    21.654  	   0.07459 	  -0.05860 	   0.00000 	   0.00000	   0.00000	   1.83333	   1.83333	   0.00000
 550.000000 	    60.148 	    14.381  	  -0.23335 	   0.06547 	   0.30580 	   0.00000	   0.00000	   1.83333	   1.83333	   0.00000
 550.000000 	    63.527 	    84.964  	   0.02712 	   0.07457 	   0.93560 	   0.00000	   0.00000	   1.83333	   1.83333	   0.00000
 550.000000 	   150.126 	    66.294  	   0.06876 	   0.03902 	   1.23960 	   0.00000	   0.00000	   1.83333	   1.83333	   0.00000
 550.000000 	   119.299 	    33.734  	   0.00000 	   0.00000 	   1.00000 	   0.00000	   0.00000	   1.83333	   1.83333	   0.00000
 550.000000 	   110.584 	    16.658  	  -0.07183 	  -0.05403 	   0.00000 	   0.00000	   0.00000	   1.83333	   1.83333	   0.00000
 550.000000 	    33.312 	    53.301  	  -0.02629 	  -0.06910 	   0.50600 	   0.00000	   0.00000	   1.83333	   1.83333	   0.00000
 550.000000 	    73.420 	    74.467  	   0.00495 	   0.09839 	   0.55780 	   1.00000	   0.00000	   1.83333	   1.83333	   0.00000
 550.000000 	   131.089 	    48.018  	   0.12669 	   0.04208 	   1.35700 	   0.00000	   0.00000	   1.83333	   1.83333	   0.00000
 550.000000 	   155.431 	    33.372  	  -0.05601 	  -0.08287 	   1.25580 	   0.00000	   0.00000	   1.83333	   1.83333	   0.00000
 550.000000 	    93.882 	    47.517  	   0.15549 	   0.02899 	   0.12940 	   1.00000	   0.00000	   1.83333	   1.83333	   0.00000
 550.000000 	   127.298 	    35.377  	   0.00000 	   0.00000 	   0.00000 	   0.00000	   0.00000	   1.83333	   1.83333	   0.00000
 600.000000 	    81.693 	    21.870  	   0.04561 	   0.00432 	   0.73360 	   2.00000	   0.00000	   2.46154	   2.46154	   0.00000
 600.000000 	    53.458 	    15.439  	  -0.13379 	   0.02117 	   1.46260 	   0.00000	   0.00000	   2.46154	   2.46154	   0.00000
 600.000000 	    65.797 	    88.499  	   0.04541 	   0.07069 	   1.44260 	   0.00000	   0.00000	   2.46154	   2.46154	   0.00000
 600.000000 	   152.265 	    72.273  	   0.04279 	   0.11956 	   1.33560 	   0.00000	   0.00000	   2.46154	   2.46154	   0.00000
 600.000000 	   115.598 	    30.558  	  -0.07402 	  -0.06352 	   0.17420 	   1.00000	   0.00000	   2.46154	   2.46154	   0.00000
 600.000000 	   108.286 	    15.558  	  -0.04597 	  -0.02199 	   0.00000 	   0.00000	   0.00000	   2.46154	   2.46154	   0.00000
 600.000000 	    33.124 	    54.823  	  -0.00375 	   0.03044 	   0.00000 	   0.00000	   0.00000	   2.46154	   2.46154	   0.00000
 600.000000 	    77.600 	    63.970  	   0.08360 	  -0.20994 	   0.32900 	   1.00000	   0.00000	   2.46154	   2.46154	   0.00000
 600.000000 	   133.450 	    49.769  	   0.04722 	   0.03502 	   1.22560 	   0.00000	   0.00000	   2.46154	   2.46154	   0.00000
 600.000000 	   156.164 	    26.848  	   0.01466 	  -0.13048 	   1.82420 	   0.00000	   0.00000	   2.46154	   2.46154	   0.00000
 600.000000 	    99.986 	    50.439  	   0.12209 	   0.05844 	   1.79700 	   3.00000	   0.00000	   2.46154	   2.46154	   0.00000
 600.000000 	   128.293 	    29.841  	   0.01991 	  -0.11072 	   0.00000 	   3.00000	   0.00000	   2.46154	   2.46154	   0.00000
 600.000000 	   149.434 	    50.113  	   0.00000 	   0.00000 	   0.00000 	   0.00000	   0.00000	   2.46154	   2.46154	   0.00000
 650.000000 	    85.046 	    23.877  	   0.06707 	   0.04014 	   0.00000 	   0.00000	   0.14286	   1.14286	   1.14286	   0.00000
 650.000000 	    49.066 	    16.239  	  -0.08785 	   0.01600 	   1.58280 	   0.00000	   0.14286	   1.14286	   1.14286	   0.00000
 650.000000 	    70.932 	    92.626  	   0.10270 	   0.08255 	   1.72580 	   0.00000	   0.14286	   1.14286	   1.14286	   0.00000
 650.000000 	   153.908 	    74.795  	   0.03286 	   0.05045 	   0.74520 	   1.00000	   0.14286	   1.14286	   1.14286	   0.00000
 650.000000 	   118.246 	    31.790  	   0.05297 	   0.02464 	   0.38360 	   3.00000	   0.14286	   1.14286	   1.14286	   0.00000
 650.000000 	   110.561 	    21.958  	   0.04550 	   0.12800 	   0.00000 	   1.00000	   0.14286	   1.14286	   1.14286	   0.00000
 650.000000 	    38.343 	    57.072  	   0.10438 	   0.04498 	   0.15320 	   0.00000	   0.14286	   1.14286	   1.14286	   0.00000
 650.000000 	    84.442 	    62.458  	   0.13683 	  -0.03025 	   1.33820 	   0.00000	   0.14286	   1.14286	   1.14286	   0.00000
 650.000000 	   136.705 	    49.649  	   0.06511 	  -0.00240 	   0.00000 	   0.00000	   0.14286	   1.14286	   1.14286	   0.00000
 650.000000 	   158.588 	    25.761  	   0.04849 	  -0.02175 	   1.69900 	   0.00000	   0.14286	   1.14286	   1.14286	   0.00000
 650.000000 	   101.242 	    46.711  	   0.02512 	  -0.07456 	   0.03000 	   1.00000	   0.14286	   1.14286	   1.14286	   0.00000
 650.000000 	   139.441 	    23.204  	   0.22295 	  -0.13275 	   0.00000 	   1.00000	   0.14286	   1.14286	   1.14286	   0.00000
 650.000000 	   153.157 	    57.838  	   0.07446 	   0.15451 	   0.02760 	   1.00000	   0.14286	   1.14286	   1.14286	   0.00000
 650.000000 	   173.685 	    42.260  	   0.00000 	   0.00000 	   0.00000 	   0.00000	   0.14286	   1.14286	   1.14286	   0.00000
 700.000000 	    92.182 	    21.378  	   0.14272 	  -0.04998 	   1.19320 	   3.00000	   0.40000	   1.53333	   1.53333	   0.00000
 700.000000 	    44.940 	    24.229  	  -0.08251 	   0.15980 	   1.37820 	   0.00000	   0.40000	   1.53333	   1.53333	   0.00000
 700.000000 	    71.125 	    92.622  	   0.00385 	  -0.00007 	   0.95300 	   0.00000	   0.40000	   1.53333	   1.53333	   0.00000
 700.000000 	   157.062 	    80.862  	   0.06308 	   0.12133 	   0.00000 	   0.00000	   0.40000	   1.53333	   1.53333	   0.00000
 700.000000 	   121.520 	    24.087  	   0.06547 	  -0.15406 	   1.41080 	   2.00000	   0.40000	   1.53333	   1.53333	   0.00000
 700.000000 	   113.730 	    17.397  	   0.06339 	  -0.09122 	   0.35560 	   1.00000	   0.40000	   1.53333	   1.53333	   0.00000
 700.000000 	    36.489 	    53.050  	  -0.03709 	  -0.08044 	   1.48600 	   0.00000	   0.40000	   1.53333	   1.53333	   0.00000
 700.000000 	    84.573 	    63.044  	   0.00263 	   0.01173 	   0.85300 	   1.00000	   0.40000	   1.53333	   1.53333	   0.00000
 700.000000 	   140.797 	    42.433  	   0.08184 	  -0.14433 	   0.86420 	   0.00000	   0.40000	   1.53333	   1.53333	   0.00000
 700.000000 	   163.143 	    30.144  	   0.09110 	   0.08766 	   1.31200 	   3.00000	   0.40000	   1.53333	   1.53333	   0.00000
 700.000000 	   105.009 	    46.604  	   0.07533 	  -0.00214 	   1.39520 	   1.00000	   0.40000	   1.53333	   1.53333	   0.00000
 700.000000 	   136.785 	    14.952  	  -0.05312 	  -0.16504 	   0.00000 	   1.00000	   0.40000	   1.53333	   1.53333	   0.00000
 700.000000 	   159.865 	    58.070  	   0.13416 	   0.00463 	   1.96120 	   2.00000	   0.40000	   1.53333	   1.53333	   0.00000
 700.000000 	   160.463 	    43.867  	  -0.26445 	   0.03214 	   0.00000 	   3.00000	   0.40000	   1.53333	   1.53333	   0.00000
 700.000000 	    96.915 	    33.519  	   0.00000 	   0.00000 	   0.00000 	   0.00000	   0.40000	   1.53333	   1.53333	   0.00000
 750.000000 	    92.971 	    21.954  	   0.01577 	   0.01153 	   0.88080 	   1.00000	   0.12500	   1.00000	   1.00000	   0.00000
 750.000000 	    45.231 	    24.684  	   0.00582 	   0.00910 	   0.80740 	   0.00000	   0.12500	   1.00000	   1.00000	   0.00000
 750.000000 	    76.942 	    96.207  	   0.11636 	   0.07169 	   0.00000 	   0.00000	   0.12500	   1.00000	   1.00000	   0.00000
 750.000000 	   164.175 	    81.436  	   0.14226 	   0.01148 	   0.00000 	   1.00000	   0.12500	   1.00000	   1.00000	   0.00000
 750.000000 	   121.520 	    24.087  	   0.00000 	   0.00000 	   1.00000 	   0.00000	   0.12500	   1.00000	   1.00000	   0.00000
 750.000000 	   114.627 	    16.506  	   0.01793 	  -0.01782 	   0.84420 	   0.00000	   0.12500	   1.00000	   1.00000	   0.00000
 750.000000 	    31.593 	    54.331  	  -0.09790 	   0.02563 	   1.60180 	   0.00000	   0.12500	   1.00000	   1.00000	   0.00000
 750.000000 	    88.839 	    61.084  	   0.08532 	  -0.03920 	   0.00000 	   2.00000	   0.12500	   1.00000	   1.00000	   0.00000
 750.000000 	   141.860 	    39.016  	   0.02126 	  -0.06834 	   0.33920 	   0.00000	   0.12500	   1.00000	   1.00000	   0.00000
 750.000000 	   166.382 	    28.830  	   0.06477 	  -0.02628 	   0.59920 	   0.00000	   0.12500	   1.00000	   1.00000	   0.00000
 750.000000 	   112.370 	    47.304  	   0.14723 	   0.01398 	   1.10640 	   0.00000	   0.12500	   1.00000	   1.00000	   0.00000
 750.000000 	   142.749 	    16.873  	   0.11928 	   0.03843 	   0.67000 	   1.00000	   0.12500	   1.00000	   1.00000	   0.00000
 750.000000 	   160.163 	    60.520  	   0.00596 	   0.04901 	   1.86680 	   1.00000	   0.12500	   1.00000	   1.00000	   0.00000
 750.000000 	   145.600 	    34.682  	  -0.29725 	  -0.18370 	   0.60200 	   2.00000	   0.12500	   1.00000	   1.00000	   0.00000
 750.000000 	    88.773 	    35.090  	  -0.16283 	   0.03141 	   0.79760 	   0.00000	   0.12500	   1.00000	   1.00000	   0.00000
 750.000000 	    63.170 	    50.969  	   0.00000 	   0.00000 	   0.00000 	   0.00000	   0.12500	   1.00000	   1.00000	   0.00000
 800.000000 	   101.549 	    26.927  	   0.17157 	   0.09945 	   0.80000 	   0.00000	   0.23529	   1.82353	   1.82353	   0.00000
 800.000000 	    36.142 	    27.749  	  -0.18178 	   0.06130 	   0.00000 	   0.00000	   0.23529	   1.82353	   1.82353	   0.00000
 800.000000 	    79.599 	   101.089  	   0.05314 	   0.09763 	   1.00280 	   0.00000	   0.23529	   1.82353	   1.82353	   0.00000
 800.000000 	   167.767 	    77.233  	   0.07183 	  -0.08406 	   0.01720 	   0.00000	   0.23529	   1.82353	   1.82353	   0.00000
 800.000000 	   126.844 	    18.190  	   0.10649 	  -0.11796 	   0.91080 	   2.00000	   0.23529	   1.82353	   1.82353	   0.00000
 800.000000 	   115.276 	    15.739  	   0.01298 	  -0.01535 	   0.00000 	   0.00000	   0.23529	   1.82353	   1.82353	   0.00000
 800.000000 	    37.821 	    56.532  	   0.12454 	   0.04401 	   1.55880 	   1.00000	   0.23529	   1.82353	   1.82353	   0.00000
 800.000000 	   100.320 	    58.462  	   0.22961 	  -0.05244 	   0.47840 	   0.00000	   0.23529	   1.82353	   1.82353	   0.00000
 800.000000 	   138.115 	    41.226  	  -0.07489 	   0.04420 	   0.00000 	   0.00000	   0.23529	   1.82353	   1.82353	   0.00000
 800.000000 	   170.598 	    31.272  	   0.08432 	   0.04884 	   0.00000 	   0.00000	   0.23529	   1.82353	   1.82353	   0.00000
 800.000000 	   113.645 	    47.425  	   0.02549 	   0.00243 	   0.81160 	   0.00000	   0.23529	   1.82353	   1.82353	   0.00000
 800.000000 	   147.406 	    29.838  	   0.09314 	   0.25930 	   1.40280 	   2.00000	   0.23529	   1.82353	   1.82353	   0.00000
 800.000000 	   168.041 	    52.747  	   0.15755 	  -0.15546 	   1.51360 	   1.00000	   0.23529	   1.82353	   1.82353	   0.00000
 800.000000 	   143.400 	    33.817  	  -0.04399 	  -0.01732 	   0.70160 	   0.00000	   0.23529	   1.82353	   1.82353	   0.00000
 800.000000 	    83.725 	    33.384  	  -0.10097 	  -0.03411 	   1.57600 	   0.00000	   0.23529	   1.82353	   1.82353	   0.00000
 800.000000 	    59.517 	    62.952  	  -0.07306 	   0.23966 	   0.18480 	   2.00000	   0.23529	   1.82353	   1.82353	   0.00000
 800.000000 	   118.390 	    35.447  	   0.00000 	   0.00000 	   0.00000 	   0.00000	   0.23529	   1.82353	   1.82353	   0.00000
 850.000000 	   102.081 	    22.561  	   0.01063 	  -0.08732 	   0.49580 	   1.00000	   0.16667	   1.33333	   1.33333	   0.00000
 850.000000 	    37.166 	    25.994  	   0.02048 	  -0.03510 	   1.16520 	   0.00000	   0.16667	   1.33333	   1.33333	   0.00000
 850.000000 	    81.272 	   107.834  	   0.03346 	   0.13491 	   1.14060 	   0.00000	   0.16667	   1.33333	   1.33333	   0.00000
 850.000000 	   168.156 	    78.292  	   0.00780 	   0.02118 	   0.30020 	   0.00000	   0.16667	   1.33333	   1.33333	   0.00000
 850.000000 	   129.998 	    11.383  	   0.06307 	  -0.13613 	   0.42220 	   3.00000	   0.16667	   1.33333	   1.33333	   0.00000
 850.000000 	   111.101 	    15.540  	  -0.08350 	  -0.00399 	   0.00000 	   1.00000	   0.16667	   1.33333	   1.33333	   0.00000
 850.000000 	    41.725 	    58.811  	   0.07808 	   0.04558 	   1.38760 	   1.00000	   0.16667	   1.33333	   1.33333	   0.00000
 850.000000 	   100.213 	    58.387  	  -0.00214 	  -0.00150 	   0.94400 	   0.00000	   0.16667	   1.33333	   1.33333	   0.00000
 850.000000 	   134.593 	    42.934  	  -0.07046 	   0.03416 	   0.00000 	   0.00000	   0.16667	   1.33333	   1.33333	   0.00000
 850.000000 	   172.469 	    30.538  	   0.03742 	  -0.01467 	   0.21800 	   0.00000	   0.16667	   1.33333	   1.33333	   0.00000
 850.000000 	   126.750 	    48.460  	   0.26211 	   0.02070 	   0.58020 	   0.00000	   0.16667	   1.33333	   1.33333	   0.00000
 850.000000 	   152.007 	    40.200  	   0.09201 	   0.20723 	   0.51820 	   4.00000	   0.16667	   1.33333	   1.33333	   0.00000
 850.000000 	   167.996 	    52.792  	  -0.00090 	   0.00089 	   0.96720 	   1.00000	   0.16667	   1.33333	   1.33333	   0.00000
 850.000000 	   141.197 	    33.355  	  -0.04406 	  -0.00922 	   0.00000 	   4.00000	   0.16667	   1.33333	   1.33333	   0.00000
 850.000000 	    75.202 	    34.106  	  -0.17044 	   0.01444 	   1.06400 	   0.00000	   0.16667	   1.33333	   1.33333	   0.00000
 850.000000 	    63.703 	    62.716  	   0.08372 	  -0.00473 	   1.09560 	   0.00000	   0.16667	   1.33333	   1.33333	   0.00000
 850.000000 	   127.821 	    26.963  	   0.18861 	  -0.16969 	   0.77420 	   6.00000	   0.16667	   1.33333	   1.33333	   0.00000
 850.000000 	   104.666 	    46.595  	   0.00000 	   0.00000 	   0.00000 	   0.00000	   0.16667	   1.33333	   1.33333	   0.00000
 900.000000 	    98.745 	    18.727  	  -0.06671 	  -0.07668 	   0.31860 	   1.00000	   0.21053	   0.94737	   0.94737	   0.00000
 900.000000 	    31.284 	    28.573  	  -0.11765 	   0.05157 	   1.02720 	   0.00000	   0.21053	   0.94737	   0.94737	   0.00000
 900.000000 	    85.816 	   114.278  	   0.09088 	   0.12887 	   1.68680 	   0.00000	   0.21053	   0.94737	   0.94737	   0.00000
 900.000000 	   170.335 	    77.265  	   0.04357 	  -0.02054 	   1.58160 	   0.00000	   0.21053	   0.94737	   0.94737	   0.00000
 900.000000 	   153.830 	    15.015  	   0.47664 	   0.07264 	   0.03120 	   4.00000	   0.21053	   0.94737	   0.94737	   0.00000
 900.000000 	   112.653 	    15.420  	   0.03104 	  -0.00239 	   0.00000 	   3.00000	   0.21053	   0.94737	   0.94737	   0.00000
 900.000000 	    42.697 	    59.388  	   0.01944 	   0.01154 	   1.47740 	   3.00000	   0.21053	   0.94737	   0.94737	   0.00000
 900.000000 	   108.445 	    49.817  	   0.16465 	  -0.17141 	   0.37940 	   2.00000	   0.21053	   0.94737	   0.94737	   0.00000
 900.000000 	   134.062 	    41.590  	  -0.01062 	  -0.02688 	   1.13740 	   0.00000	   0.21053	   0.94737	   0.94737	   0.00000
 900.000000 	   173.589 	    26.486  	   0.02240 	  -0.08105 	   1.81180 	   0.00000	   0.21053	   0.94737	   0.94737	   0.00000
 900.000000 	   126.824 	    51.728  	   0.00147 	   0.06535 	   0.61960 	   0.00000	   0.21053	   0.94737	   0.94737	   0.00000
 900.000000 	   154.648 	    43.677  	   0.05282 	   0.06955 	   0.00000 	   3.00000	   0.21053	   0.94737	   0.94737	   0.00000
 900.000000 	   174.829 	    47.880  	   0.13667 	  -0.09824 	   0.00000 	   1.00000	   0.21053	   0.94737	   0.94737	   0.00000
 900.000000 	   151.736 	    28.993  	   0.21077 	  -0.08724 	   0.48080 	   3.00000	   0.21053	   0.94737	   0.94737	   0.00000
 900.000000 	    63.467 	    30.907  	  -0.23471 	  -0.06398 	   0.47080 	   0.00000	   0.21053	   0.94737	   0.94737	   0.00000
 900.000000 	    65.901 	    63.565  	   0.04395 	   0.01699 	   1.85800 	   0.00000	   0.21053	   0.94737	   0.94737	   0.00000
 900.000000 	   127.829 	    26.752  	   0.00017 	  -0.00422 	   0.94400 	   0.00000	   0.21053	   0.94737	   0.94737	   0.00000
 900.000000 	    92.191 	    50.626  	  -0.24952 	   0.08061 	   0.00000 	   2.00000	   0.21053	   0.94737	   0.94737	   0.00000
 900.000000 	    63.195 	    43.292  	   0.00000 	   0.00000 	   0.00000 	   0.00000	   0.21053	   0.94737	   0.94737	   0.00000
 950.000000 	   101.563 	    19.026  	   0.05636 	   0.00598 	   1.17560 	   1.00000	   0.10000	   0.90000	   0.90000	   0.00000
 950.000000 	    29.331 	    20.568  	  -0.03906 	  -0.16009 	   0.56780 	   0.00000	   0.10000	   0.90000	   0.90000	   0.00000
 950.000000 	    88.047 	   119.276  	   0.04462 	   0.09997 	   1.88700 	   0.00000	   0.10000	   0.90000	   0.90000	   0.00000
 950.000000 	   172.264 	    78.555  	   0.03858 	   0.02581 	   1.46440 	   0.00000	   0.10000	   0.90000	   0.90000	   0.00000
 950.000000 	   158.753 	    14.818  	   0.09845 	  -0.00394 	   0.13320 	   2.00000	   0.10000	   0.90000	   0.90000	   0.00000
 950.000000 	   112.799 	    16.156  	   0.00291 	   0.01472 	   0.00000 	   2.00000	   0.10000	   0.90000	   0.90000	   0.00000
 950.000000 	    43.316 	    61.800  	   0.01239 	   0.04824 	   0.50240 	   1.00000	   0.10000	   0.90000	   0.90000	   0.00000
 950.000000 	   111.404 	    46.353  	   0.05918 	  -0.06928 	   0.82040 	   1.00000	   0.10000	   0.90000	   0.90000	   0.00000
 950.000000 	   132.140 	    38.131  	  -0.03844 	  -0.06917 	   0.31740 	   0.00000	   0.10000	   0.90000	   0.90000	   0.00000
 950.000000 	   177.377 	    23.725  	   0.07577 	  -0.05522 	   1.79520 	   1.00000	   0.10000	   0.90000	   0.90000	   0.00000
 950.000000 	   140.465 	    56.779  	   0.27284 	   0.10102 	   0.00000 	   1.00000	   0.10000	   0.90000	   0.90000	   0.00000
 950.000000 	   155.249 	    47.728  	   0.01202 	   0.08102 	   0.00000 	   0.00000	   0.10000	   0.90000	   0.90000	   0.00000
 950.000000 	   181.745 	    38.531  	   0.13832 	  -0.18697 	   0.63940 	   1.00000	   0.10000	   0.90000	   0.90000	   0.00000
 950.000000 	   155.068 	    29.796  	   0.06665 	   0.01606 	   0.71900 	   1.00000	   0.10000	   0.90000	   0.90000	   0.00000
 950.000000 	    63.467 	    30.907  	   0.00000 	   0.00000 	   1.00000 	   0.00000	   0.10000	   0.90000	   0.90000	   0.00000
 950.000000 	    67.438 	    66.360  	   0.03074 	   0.05589 	   1.65500 	   1.00000	   0.10000	   0.90000	   0.90000	   0.00000
 950.000000 	   132.733 	    22.576  	   0.09808 	  -0.08351 	   0.00000 	   2.00000	   0.10000	   0.90000	   0.90000	   0.00000
 950.000000 	   101.358 	    55.072  	   0.18335 	   0.08891 	   0.00000 	   0.00000	   0.10000	   0.90000	   0.90000	   0.00000
 950.000000 	    61.553 	    45.438  	  -0.03285 	   0.04292 	   0.00000 	   2.00000	   0.10000	   0.90000	   0.90000	   0.00000
 950.000000 	   162.116 	    43.863  	   0.00000 	   0.00000 	   0.00000 	   0.00000	   0.10000	   0.90000	   0.90000	   0.00000
 1000.000000 	    99.796 	    16.739  	  -0.03533 	  -0.04575 	   0.00000 	   1.00000	   0.23810	   1.71429	   1.71429	   0.00000
 1000.000000 	    26.288 	    17.436  	  -0.06085 	  -0.06265 	   0.88860 	   0.00000	   0.23810	   1.71429	   1.71429	   0.00000
 1000.000000 	    86.774 	   121.977  	  -0.02546 	   0.05403 	   1.79360 	   0.00000	   0.23810	   1.71429	   1.71429	   0.00000
 1000.000000 	   169.946 	    77.211  	  -0.04637 	  -0.02688 	   0.57040 	   1.00000	   0.23810	   1.71429	   1.71429	   0.00000
 1000.000000 	   165.926 	    23.565  	   0.14346 	   0.17492 	   0.18120 	   4.00000	   0.23810	   1.71429	   1.71429	   0.00000
 1000.000000 	   116.759 	    14.944  	   0.07921 	  -0.02425 	   0.00000 	   1.00000	   0.23810	   1.71429	   1.71429	   0.00000
 1000.000000 	    47.644 	    64.032  	   0.08656 	   0.04464 	   1.41660 	   0.00000	   0.23810	   1.71429	   1.71429	   0.00000
 1000.000000 	   126.491 	    48.812  	   0.30174 	   0.04917 	   1.20700 	   5.00000	   0.23810	   1.71429	   1.71429	   0.00000
 1000.000000 	   127.729 	    39.753  	  -0.08821 	   0.03245 	   0.68880 	   0.00000	   0.23810	   1.71429	   1.71429	   0.00000
 1000.000000 	   185.293 	    22.001  	   0.15832 	  -0.03447 	   1.51180 	   0.00000	   0.23810	   1.71429	   1.71429	   0.00000
 1000.000000 	   146.303 	    63.363  	   0.11676 	   0.13168 	   0.32300 	   3.00000	   0.23810	   1.71429	   1.71429	   0.00000
 1000.000000 	   156.567 	    55.810  	   0.02636 	   0.16164 	   0.52900 	   3.00000	   0.23810	   1.71429	   1.71429	   0.00000
 1000.000000 	   186.251 	    36.390  	   0.09012 	  -0.04282 	   0.56040 	   3.00000	   0.23810	   1.71429	   1.71429	   0.00000
 1000.000000 	   162.099 	    18.317  	   0.14062 	  -0.22959 	   0.52340 	   1.00000	   0.23810	   1.71429	   1.71429	   0.00000
 1000.000000 	    59.117 	    34.062  	  -0.08700 	   0.06309 	   0.05180 	   0.00000	   0.23810	   1.71429	   1.71429	   0.00000
 1000.000000 	    66.841 	    72.040  	  -0.01194 	   0.11360 	   1.94680 	   2.00000	   0.23810	   1.71429	   1.71429	   0.00000
 1000.000000 	   132.764 	    29.558  	   0.00061 	   0.13964 	   1.59500 	   5.00000	   0.23810	   1.71429	   1.71429	   0.00000
 1000.000000 	   109.605 	    55.364  	   0.16495 	   0.00586 	   0.74000 	   3.00000	   0.23810	   1.71429	   1.71429	   0.00000
 1000.000000 	    66.326 	    34.741  	   0.09548 	  -0.21395 	   0.00000 	   0.00000	   0.23810	   1.71429	   1.71429	   0.00000
 1000.000000 	   165.489 	    43.520  	   0.06747 	  -0.00685 	   0.73940 	   6.00000	   0.23810	   1.71429	   1.71429	   0.00000
 1000.000000 	   151.662 	    39.805  	   0.00000 	   0.00000 	   0.00000 	   0.00000	   0.23810	   1.71429	   1.71429	   0.00000
 1050.000000 	    98.209 	    15.606  	  -0.03174 	  -0.02266 	   0.00000 	   0.00000	   0.31818	   1.50000	   1.50000	   0.00000
 1050.000000 	    21.763 	    24.297  	  -0.09051 	   0.13722 	   0.00000 	   0.00000	   0.31818	   1.50000	   1.50000	   0.00000
 1050.000000 	    91.263 	   132.690  	   0.08979 	   0.21426 	   1.79460 	   0.00000	   0.31818	   1.50000	   1.50000	   0.00000
 1050.000000 	   165.975 	    85.995  	  -0.07940 	   0.17568 	   0.62940 	   1.00000	   0.31818	   1.50000	   1.50000	   0.00000
 1050.000000 	   170.612 	    22.137  	   0.09372 	  -0.02855 	   1.72240 	   5.00000	   0.31818	   1.50000	   1.50000	   0.00000
 1050.000000 	   117.923 	    15.327  	   0.02328 	   0.00767 	   0.00000 	   0.00000	   0.31818	   1.50000	   1.50000	   0.00000
 1050.000000 	    49.627 	    70.281  	   0.03967 	   0.12498 	   0.50900 	   1.00000	   0.31818	   1.50000	   1.50000	   0.00000
 1050.000000 	   126.491 	    48.812  	   0.00000 	   0.00000 	   1.00000 	   1.00000	   0.31818	   1.50000	   1.50000	   0.00000
 1050.000000 	   124.567 	    48.433  	  -0.06325 	   0.17359 	   1.24040 	   0.00000	   0.31818	   1.50000	   1.50000	   0.00000
 1050.000000 	   190.091 	    15.212  	   0.09597 	  -0.13578 	   0.99980 	   0.00000	   0.31818	   1.50000	   1.50000	   0.00000
 1050.000000 	   151.928 	    69.156  	   0.11250 	   0.11587 	   0.99960 	   1.00000	   0.31818	   1.50000	   1.50000	   0.00000
 1050.000000 	   166.667 	    57.218  	   0.20200 	   0.02815 	   1.03340 	   2.00000	   0.31818	   1.50000	   1.50000	   0.00000
 1050.000000 	   191.404 	    32.262  	   0.10307 	  -0.08257 	   0.00000 	   1.00000	   0.31818	   1.50000	   1.50000	   0.00000
 1050.000000 	   166.304 	    11.778  	   0.08408 	  -0.13079 	   0.84300 	   0.00000	   0.31818	   1.50000	   1.50000	   0.00000
 1050.000000 	    56.938 	    26.298  	  -0.04357 	  -0.15528 	   0.13660 	   0.00000	   0.31818	   1.50000	   1.50000	   0.00000
 1050.000000 	    70.493 	    67.553  	   0.07305 	  -0.08972 	   1.54940 	   2.00000	   0.31818	   1.50000	   1.50000	   0.00000
 1050.000000 	   122.809 	    34.412  	  -0.19910 	   0.09708 	   1.03220 	   2.00000	   0.31818	   1.50000	   1.50000	   0.00000
 1050.000000 	   110.348 	    57.327  	   0.01485 	   0.03926 	   1.96720 	   2.00000	   0.31818	   1.50000	   1.50000	   0.00000
 1050.000000 	    71.669 	    37.743  	   0.10686 	   0.06005 	   0.00000 	   0.00000	   0.31818	   1.50000	   1.50000	   0.00000
 1050.000000 	   166.352 	    51.255  	   0.01726 	   0.15469 	   1.62820 	   3.00000	   0.31818	   1.50000	   1.50000	   0.00000
 1050.000000 	   150.507 	    41.431  	  -0.02311 	   0.03250 	   1.43060 	   7.00000	   0.31818	   1.50000	   1.50000	   0.00000
 1050.000000 	   112.313 	    38.015  	   0.00000 	   0.00000 	   0.00000 	   0.00000	   0.31818	   1.50000	   1.50000	   0.00000
 1100.000000 	    96.804 	    16.552  	  -0.02811 	   0.01893 	   0.00000 	   0.00000	   0.08696	   1.34783	   1.34783	   0.00000
 1100.000000 	    21.411 	    22.779  	  -0.00703 	  -0.03036 	   0.00000 	   0.00000	   0.08696	   1.34783	   1.34783	   0.00000
 1100.000000 	    96.681 	   145.946  	   0.10835 	   0.26511 	   1.67000 	   0.00000	   0.08696	   1.34783	   1.34783	   0.00000
 1100.000000 	   164.376 	    96.224  	  -0.03199 	   0.20456 	   0.00000 	   0.00000	   0.08696	   1.34783	   1.34783	   0.00000
 1100.000000 	   175.581 	    21.049  	   0.09938 	  -0.02176 	   1.95500 	   1.00000	   0.08696	   1.34783	   1.34783	   0.00000
 1100.000000 	   125.917 	    14.995  	   0.15988 	  -0.00665 	   0.83200 	   0.00000	   0.08696	   1.34783	   1.34783	   0.00000
 1100.000000 	    50.825 	    71.905  	   0.02394 	   0.03248 	   1.42120 	   2.00000	   0.08696	   1.34783	   1.34783	   0.00000
 1100.000000 	   128.331 	    45.934  	   0.03679 	  -0.05756 	   0.02800 	   2.00000	   0.08696	   1.34783	   1.34783	   0.00000
 1100.000000 	   122.540 	    49.126  	  -0.04054 	   0.01386 	   0.81400 	   0.00000	   0.08696	   1.34783	   1.34783	   0.00000
 1100.000000 	   192.808 	    12.429  	   0.05433 	  -0.05567 	   0.46080 	   1.00000	   0.08696	   1.34783	   1.34783	   0.00000
 1100.000000 	   152.637 	    71.551  	   0.01417 	   0.04789 	   0.22780 	   4.00000	   0.08696	   1.34783	   1.34783	   0.00000
 1100.000000 	   166.560 	    63.485  	  -0.00214 	   0.12534 	   0.55000 	   1.00000	   0.08696	   1.34783	   1.34783	   0.00000
 1100.000000 	   194.245 	    28.329  	   0.05681 	  -0.07865 	   1.28700 	   1.00000	   0.08696	   1.34783	   1.34783	   0.00000
 1100.000000 	   166.304 	    11.778  	   0.00000 	   0.00000 	   1.00000 	   0.00000	   0.08696	   1.34783	   1.34783	   0.00000
 1100.000000 	    56.938 	    26.298  	   0.00000 	   0.00000 	   1.00000 	   0.00000	   0.08696	   1.34783	   1.34783	   0.00000
 1100.000000 	    73.132 	    64.396  	   0.05278 	  -0.06315 	   0.40680 	   0.00000	   0.08696	   1.34783	   1.34783	   0.00000
 1100.000000 	   119.292 	    34.515  	  -0.07032 	   0.00206 	   0.65500 	   0.00000	   0.08696	   1.34783	   1.34783	   0.00000
 1100.000000 	   113.259 	    57.316  	   0.05822 	  -0.00022 	   1.82240 	   1.00000	   0.08696	   1.34783	   1.34783	   0.00000
 1100.000000 	    62.883 	    50.602  	  -0.17572 	   0.25717 	   0.00000 	   0.00000	   0.08696	   1.34783	   1.34783	   0.00000
 1100.000000 	   173.566 	    54.972  	   0.14429 	   0.07435 	   1.65860 	   2.00000	   0.08696	   1.34783	   1.34783	   0.00000
 1100.000000 	   147.955 	    41.042  	  -0.05103 	  -0.00778 	   1.70980 	   1.00000	   0.08696	   1.34783	   1.34783	   0.00000
 1100.000000 	   103.360 	    34.373  	  -0.17907 	  -0.07283 	   1.03980 	   0.00000	   0.08696	   1.34783	   1.34783	   0.00000
 1100.000000 	   111.378 	    50.256  	   0.00000 	   0.00000 	   0.00000 	   0.00000	   0.08696	   1.34783	   1.34783	   0.00000
 1150.000000 	    98.158 	    14.945  	   0.02709 	  -0.03215 	   0.00000 	   0.00000	   0.12500	   1.62500	   1.62500	   0.00000
 1150.000000 	    34.563 	    17.833  	   0.26304 	  -0.09891 	   0.13620 	   0.00000	   0.12500	   1.62500	   1.62500	   0.00000
 1150.000000 	    96.681 	   145.946  	   0.00000 	   0.00000 	   1.00000 	   0.00000	   0.12500	   1.62500	   1.62500	   0.00000
 1150.000000 	   165.925 	    99.399  	   0.03099 	   0.06351 	   0.88860 	   0.00000	   0.12500	   1.62500	   1.62500	   0.00000
 1150.000000 	   176.833 	    21.464  	   0.02505 	   0.00828 	   0.66420 	   6.00000	   0.12500	   1.62500	   1.62500	   0.00000
 1150.000000 	   130.753 	    16.711  	   0.09672 	   0.03432 	   0.36780 	   0.00000	   0.12500	   1.62500	   1.62500	   0.00000
 1150.000000 	    53.562 	    78.739  	   0.05475 	   0.13669 	   1.77380 	   1.00000	   0.12500	   1.62500	   1.62500	   0.00000
 1150.000000 	   136.298 	    44.493  	   0.15934 	  -0.02881 	   0.98620 	   0.00000	   0.12500	   1.62500	   1.62500	   0.00000
 1150.000000 	   114.775 	    52.745  	  -0.15530 	   0.07239 	   0.00000 	   0.00000	   0.12500	   1.62500	   1.62500	   0.00000
 1150.000000 	   196.782 	    12.561  	   0.07949 	   0.00264 	   0.00000 	   2.00000	   0.12500	   1.62500	   1.62500	   0.00000
 1150.000000 	   155.900 	    72.600  	   0.06527 	   0.02099 	   0.00000 	   1.00000	   0.12500	   1.62500	   1.62500	   0.00000
 1150.000000 	   165.935 	    68.123  	  -0.01249 	   0.09276 	   0.73820 	   0.00000	   0.12500	   1.62500	   1.62500	   0.00000
 1150.000000 	   196.126 	    29.752  	   0.03762 	   0.02846 	   1.02020 	   1.00000	   0.12500	   1.62500	   1.62500	   0.00000
 1150.000000 	   166.198 	    11.885  	  -0.00210 	   0.00214 	   0.06080 	   1.00000	   0.12500	   1.62500	   1.62500	   0.00000
 1150.000000 	    62.512 	    19.543  	   0.11148 	  -0.13510 	   0.67580 	   0.00000	   0.12500	   1.62500	   1.62500	   0.00000
 1150.000000 	    77.395 	    66.552  	   0.08527 	   0.04312 	   0.10900 	   0.00000	   0.12500	   1.62500	   1.62500	   0.00000
 1150.000000 	   113.761 	    25.452  	  -0.11063 	  -0.18126 	   0.00000 	   1.00000	   0.12500	   1.62500	   1.62500	   0.00000
 1150.000000 	   104.336 	    56.100  	  -0.17844 	  -0.02432 	   1.43000 	   0.00000	   0.12500	   1.62500	   1.62500	   0.00000
 1150.000000 	    55.402 	    58.526  	  -0.14962 	   0.15847 	   0.00000 	   2.00000	   0.12500	   1.62500	   1.62500	   0.00000
 1150.000000 	   173.858 	    55.175  	   0.00582 	   0.00406 	   1.72380 	   6.00000	   0.12500	   1.62500	   1.62500	   0.00000
 1150.000000 	   154.331 	    43.640  	   0.12753 	   0.05198 	   1.66520 	   5.00000	   0.12500	   1.62500	   1.62500	   0.00000
 1150.000000 	    99.943 	    31.586  	  -0.06832 	  -0.05575 	   1.49020 	   0.00000	   0.12500	   1.62500	   1.62500	   0.00000
 1150.000000 	   119.632 	    40.069  	   0.16507 	  -0.20375 	   0.05420 	   5.00000	   0.12500	   1.62500	   1.62500	   0.00000
 1150.000000 	    39.727 	    34.254  	   0.00000 	   0.00000 	   0.00000 	   0.00000	   0.12500	   1.62500	   1.62500	   0.00000
 1200.000000 	    96.721 	    15.817  	  -0.02874 	   0.01744 	   0.00000 	   0.00000	   0.16000	   2.00000	   2.00000	   0.00000
 1200.000000 	    39.187 	    14.752  	   0.09248 	  -0.06163 	   1.69060 	   0.00000	   0.16000	   2.00000	   2.00000	   0.00000
 1200.000000 	    99.320 	   157.192  	   0.05278 	   0.22493 	   0.50620 	   0.00000	   0.16000	   2.00000	   2.00000	   0.00000
 1200.000000 	   167.080 	   105.902  	   0.02310 	   0.13006 	   1.61700 	   0.00000	   0.16000	   2.00000	   2.00000	   0.00000
 1200.000000 	   179.910 	    25.560  	   0.06153 	   0.08192 	   1.20600 	   6.00000	   0.16000	   2.00000	   2.00000	   0.00000
 1200.000000 	   135.540 	    15.886  	   0.09575 	  -0.01649 	   0.00000 	   1.00000	   0.16000	   2.00000	   2.00000	   0.00000
 1200.000000 	    56.258 	    72.005  	   0.05391 	  -0.13469 	   1.33000 	   3.00000	   0.16000	   2.00000	   2.00000	   0.00000
 1200.000000 	   139.383 	    45.083  	   0.06171 	   0.01180 	   0.21360 	   1.00000	   0.16000	   2.00000	   2.00000	   0.00000
 1200.000000 	   111.825 	    56.879  	  -0.05900 	   0.08266 	   0.49980 	   0.00000	   0.16000	   2.00000	   2.00000	   0.00000
 1200.000000 	   203.606 	    15.477  	   0.13647 	   0.05832 	   0.24780 	   4.00000	   0.16000	   2.00000	   2.00000	   0.00000
 1200.000000 	   158.790 	    79.566  	   0.05780 	   0.13930 	   0.00000 	   1.00000	   0.16000	   2.00000	   2.00000	   0.00000
 1200.000000 	   170.949 	    56.972  	   0.10028 	  -0.22301 	   1.10320 	   1.00000	   0.16000	   2.00000	   2.00000	   0.00000
 1200.000000 	   202.604 	    29.141  	   0.12957 	  -0.01223 	   0.70460 	   3.00000	   0.16000	   2.00000	   2.00000	   0.00000
 1200.000000 	   167.706 	    15.964  	   0.03015 	   0.08159 	   0.83540 	   2.00000	   0.16000	   2.00000	   2.00000	   0.00000
 1200.000000 	    66.922 	    18.973  	   0.08821 	  -0.01140 	   0.65940 	   0.00000	   0.16000	   2.00000	   2.00000	   0.00000
 1200.000000 	    75.103 	    62.806  	  -0.04584 	  -0.07492 	   0.96660 	   0.00000	   0.16000	   2.00000	   2.00000	   0.00000
 1200.000000 	   113.643 	    19.205  	  -0.00237 	  -0.12493 	   0.93100 	   0.00000	   0.16000	   2.00000	   2.00000	   0.00000
 1200.000000 	   104.336 	    56.100  	   0.00000 	   0.00000 	   1.00000 	   0.00000	   0.16000	   2.00000	   2.00000	   0.00000
 1200.000000 	    52.777 	    60.351  	  -0.05250 	   0.03651 	   0.10240 	   1.00000	   0.16000	   2.00000	   2.00000	   0.00000
 1200.000000 	   176.523 	    52.340  	   0.05331 	  -0.05669 	   1.54800 	   4.00000	   0.16000	   2.00000	   2.00000	   0.00000
 1200.000000 	   156.567 	    39.574  	   0.04471 	  -0.08133 	   1.14280 	   3.00000	   0.16000	   2.00000	   2.00000	   0.00000
 1200.000000 	    93.070 	    26.681  	  -0.13748 	  -0.09809 	   1.61180 	   0.00000	   0.16000	   2.00000	   2.00000	   0.00000
 1200.000000 	   120.074 	    37.263  	   0.00884 	  -0.05611 	   1.84040 	   3.00000	   0.16000	   2.00000	   2.00000	   0.00000
 1200.000000 	    40.041 	    32.510  	   0.00627 	  -0.03488 	   1.24680 	   0.00000	   0.16000	   2.00000	   2.00000	   0.00000
 1200.000000 	    43.612 	    37.331  	   0.00000 	   0.00000 	   0.00000 	   0.00000	   0.16000	   2.00000	   2.00000	   0.00000
 1250.000000 	    97.090 	    17.127  	   0.00739 	   0.02620 	   0.66960 	   0.00000	   0.19231	   2.30769	   2.30769	   0.00000
 1250.000000 	    34.555 	    24.317  	  -0.09264 	   0.19131 	   1.20620 	   0.00000	   0.19231	   2.30769	   2.30769	   0.00000
 1250.000000 	   100.638 	   160.122  	   0.02637 	   0.05859 	   0.71760 	   0.00000	   0.19231	   2.30769	   2.30769	   0.00000
 1250.000000 	   168.998 	   113.862  	   0.03837 	   0.15918 	   1.64080 	   0.00000	   0.19231	   2.30769	   2.30769	   0.00000
 1250.000000 	   176.193 	    28.566  	  -0.07434 	   0.06012 	   1.02900 	   3.00000	   0.19231	   2.30769	   2.30769	   0.00000
 1250.000000 	   142.093 	    14.976  	   0.13106 	  -0.01820 	   0.00000 	   1.00000	   0.19231	   2.30769	   2.30769	   0.00000
 1250.000000 	    58.357 	    73.332  	   0.04198 	   0.02654 	   0.78320 	   0.00000	   0.19231	   2.30769	   2.30769	   0.00000
 1250.000000 	   136.275 	    38.585  	  -0.06216 	  -0.12997 	   0.66460 	   5.00000	   0.19231	   2.30769	   2.30769	   0.00000
 1250.000000 	   111.211 	    58.486  	  -0.01228 	   0.03214 	   1.92220 	   0.00000	   0.19231	   2.30769	   2.30769	   0.00000
 1250.000000 	   209.055 	    14.495  	   0.10898 	  -0.01966 	   1.80180 	   1.00000	   0.19231	   2.30769	   2.30769	   0.00000
 1250.000000 	   156.039 	    80.896  	  -0.05502 	   0.02662 	   0.13960 	   1.00000	   0.19231	   2.30769	   2.30769	   0.00000
 1250.000000 	   172.924 	    59.284  	   0.03949 	   0.04624 	   0.36180 	   1.00000	   0.19231	   2.30769	   2.30769	   0.00000
 1250.000000 	   206.437 	    33.594  	   0.07665 	   0.08906 	   0.00000 	   1.00000	   0.19231	   2.30769	   2.30769	   0.00000
 1250.000000 	   170.654 	    14.496  	   0.05896 	  -0.02935 	   1.59640 	   4.00000	   0.19231	   2.30769	   2.30769	   0.00000
 1250.000000 	    58.696 	    14.626  	  -0.16453 	  -0.08694 	   0.47640 	   0.00000	   0.19231	   2.30769	   2.30769	   0.00000
 1250.000000 	    77.708 	    53.522  	   0.05209 	  -0.18568 	   0.92760 	   0.00000	   0.19231	   2.30769	   2.30769	   0.00000
 1250.000000 	   113.610 	    19.820  	  -0.00067 	   0.01229 	   0.42200 	   2.00000	   0.19231	   2.30769	   2.30769	   0.00000
 1250.000000 	    96.174 	    59.681  	  -0.16325 	   0.07162 	   0.83460 	   1.00000	   0.19231	   2.30769	   2.30769	   0.00000
 1250.000000 	    56.812 	    63.046  	   0.08070 	   0.05390 	   1.66580 	   3.00000	   0.19231	   2.30769	   2.30769	   0.00000
 1250.000000 	   180.542 	    50.020  	   0.08038 	  -0.04640 	   1.90420 	   2.00000	   0.19231	   2.30769	   2.30769	   0.00000
 1250.000000 	   161.416 	    36.275  	   0.09699 	  -0.06597 	   0.19100 	   1.00000	   0.19231	   2.30769	   2.30769	   0.00000
 1250.000000 	    88.594 	    26.147  	  -0.08951 	  -0.01068 	   1.78020 	   0.00000	   0.19231	   2.30769	   2.30769	   0.00000
 1250.000000 	   118.321 	    37.374  	  -0.03505 	   0.00223 	   1.24280 	   4.00000	   0.19231	   2.30769	   2.30769	   0.00000
 1250.000000 	    37.341 	    27.884  	  -0.05399 	  -0.09253 	   1.41360 	   1.00000	   0.19231	   2.30769	   2.30769	   0.00000
 1250.000000 	    46.310 	    51.633  	   0.05397 	   0.28605 	   0.49260 	   3.00000	   0.19231	   2.30769	   2.30769	   0.00000
 1250.000000 	   171.176 	    44.133  	   0.00000 	   0.00000 	   0.00000 	   0.00000	   0.19231	   2.30769	   2.30769	   0.00000
 1300.000000 	    86.409 	    17.389  	  -0.21362 	   0.00523 	   1.20160 	   0.00000	   0.33333	   1.55556	   1.55556	   0.00000
 1300.000000 	    35.096 	    26.381  	   0.01083 	   0.04128 	   0.62680 	   0.00000	   0.33333	   1.55556	   1.55556	   0.00000
 1300.000000 	   111.930 	   180.071  	   0.22584 	   0.39897 	   0.00000 	   0.00000	   0.33333	   1.55556	   1.55556	   0.00000
 1300.000000 	   168.094 	   119.656  	  -0.01808 	   0.11590 	   1.83560 	   0.00000	   0.33333	   1.55556	   1.55556	   0.00000
 1300.000000 	   168.366 	    37.537  	  -0.15654 	   0.17943 	   1.61160 	   5.00000	   0.33333	   1.55556	   1.55556	   0.00000
 1300.000000 	   144.270 	    16.357  	   0.04354 	   0.02760 	   0.00000 	   1.00000	   0.33333	   1.55556	   1.55556	   0.00000
 1300.000000 	    65.676 	    80.331  	   0.14637 	   0.13998 	   0.00000 	   2.00000	   0.33333	   1.55556	   1.55556	   0.00000
 1300.000000 	   128.406 	    31.680  	  -0.15739 	  -0.13809 	   1.44820 	   3.00000	   0.33333	   1.55556	   1.55556	   0.00000
 1300.000000 	   112.683 	    58.616  	   0.02943 	   0.00261 	   0.96040 	   0.00000	   0.33333	   1.55556	   1.55556	   0.00000
 1300.000000 	   210.204 	    18.314  	   0.02298 	   0.07639 	   1.50920 	   1.00000	   0.33333	   1.55556	   1.55556	   0.00000
 1300.000000 	   156.532 	    81.940  	   0.00986 	   0.02087 	   0.02560 	   0.00000	   0.33333	   1.55556	   1.55556	   0.00000
 1300.000000 	   162.145 	    55.576  	  -0.21557 	  -0.07416 	   0.51260 	   2.00000	   0.33333	   1.55556	   1.55556	   0.00000
 1300.000000 	   210.229 	    31.981  	   0.07585 	  -0.03226 	   0.04060 	   1.00000	   0.33333	   1.55556	   1.55556	   0.00000
 1300.000000 	   181.391 	    12.681  	   0.21474 	  -0.03630 	   1.59680 	   1.00000	   0.33333	   1.55556	   1.55556	   0.00000
 1300.000000 	    54.879 	    17.078  	  -0.07634 	   0.04903 	   1.55220 	   0.00000	   0.33333	   1.55556	   1.55556	   0.00000
 1300.000000 	    82.035 	    52.997  	   0.08655 	  -0.01049 	   0.48820 	   2.00000	   0.33333	   1.55556	   1.55556	   0.00000
 1300.000000 	   115.825 	    17.548  	   0.04430 	  -0.04543 	   0.20180 	   2.00000	   0.33333	   1.55556	   1.55556	   0.00000
 1300.000000 	    93.001 	    60.042  	  -0.06346 	   0.00721 	   1.08180 	   3.00000	   0.33333	   1.55556	   1.55556	   0.00000
 1300.000000 	    58.406 	    50.064  	   0.03187 	  -0.25964 	   1.69980 	   3.00000	   0.33333	   1.55556	   1.55556	   0.00000
 1300.000000 	   188.812 	    40.559  	   0.16539 	  -0.18922 	   1.58400 	   5.00000	   0.33333	   1.55556	   1.55556	   0.00000
 1300.000000 	   161.416 	    36.275  	   0.00000 	   0.00000 	   1.00000 	   1.00000	   0.33333	   1.55556	   1.55556	   0.00000
 1300.000000 	    90.200 	    33.282  	   0.03212 	   0.14270 	   1.71780 	   0.00000	   0.33333	   1.55556	   1.55556	   0.00000
 1300.000000 	   120.344 	    35.937  	   0.04046 	  -0.02875 	   1.12880 	   0.00000	   0.33333	   1.55556	   1.55556	   0.00000
 1300.000000 	    36.918 	    18.775  	  -0.00847 	  -0.18218 	   1.58020 	   0.00000	   0.33333	   1.55556	   1.55556	   0.00000
 1300.000000 	    56.162 	    48.944  	   0.19703 	  -0.05378 	   1.55240 	   2.00000	   0.33333	   1.55556	   1.55556	   0.00000
 1300.000000 	   190.811 	    30.625  	   0.39272 	  -0.27016 	   0.00000 	   5.00000	   0.33333	   1.55556	   1.55556	   0.00000
 1300.000000 	   129.699 	    48.610  	   0.00000 	   0.00000 	   0.00000 	   0.00000	   0.33333	   1.55556	   1.55556	   0.00000
 1350.000000 	    86.699 	    17.532  	   0.00579 	   0.00287 	   0.93900 	   0.00000	   0.17857	   1.14286	   1.14286	   0.00000
 1350.000000 	    37.067 	    32.648  	   0.03940 	   0.12533 	   0.00000 	   0.00000	   0.17857	   1.14286	   1.14286	   0.00000
 1350.000000 	   111.487 	   186.270  	  -0.00886 	   0.12400 	   1.19760 	   0.00000	   0.17857	   1.14286	   1.14286	   0.00000
 1350.000000 	   178.069 	   128.929  	   0.19949 	   0.18544 	   1.46200 	   0.00000	   0.17857	   1.14286	   1.14286	   0.00000
 1350.000000 	   168.366 	    37.538  	   0.00000 	   0.00001 	   0.99840 	   0.00000	   0.17857	   1.14286	   1.14286	   0.00000
 1350.000000 	   141.965 	    16.079  	  -0.04611 	  -0.00554 	   0.00000 	   1.00000	   0.17857	   1.14286	   1.14286	   0.00000
 1350.000000 	    65.967 	    80.033  	   0.00583 	  -0.00596 	   0.00000 	   0.00000	   0.17857	   1.14286	   1.14286	   0.00000
 1350.000000 	   124.470 	    23.227  	  -0.07871 	  -0.16907 	   0.89920 	   0.00000	   0.17857	   1.14286	   1.14286	   0.00000
 1350.000000 	   104.006 	    60.073  	  -0.17353 	   0.02914 	   0.28820 	   0.00000	   0.17857	   1.14286	   1.14286	   0.00000
 1350.000000 	   215.598 	    16.810  	   0.10789 	  -0.03007 	   0.61800 	   3.00000	   0.17857	   1.14286	   1.14286	   0.00000
 1350.000000 	   158.663 	    90.066  	   0.04261 	   0.16253 	   1.19200 	   0.00000	   0.17857	   1.14286	   1.14286	   0.00000
 1350.000000 	   161.446 	    57.666  	  -0.01399 	   0.04180 	   0.99760 	   1.00000	   0.17857	   1.14286	   1.14286	   0.00000
 1350.000000 	   212.704 	    31.602  	   0.04949 	  -0.00757 	   0.98120 	   2.00000	   0.17857	   1.14286	   1.14286	   0.00000
 1350.000000 	   181.787 	    13.459  	   0.00791 	   0.01554 	   0.89660 	   1.00000	   0.17857	   1.14286	   1.14286	   0.00000
 1350.000000 	    52.845 	    15.936  	  -0.04069 	  -0.02284 	   0.00000 	   0.00000	   0.17857	   1.14286	   1.14286	   0.00000
 1350.000000 	    83.516 	    47.251  	   0.02960 	  -0.11492 	   0.00000 	   1.00000	   0.17857	   1.14286	   1.14286	   0.00000
 1350.000000 	   115.825 	    17.548  	   0.00002 	   0.00000 	   0.99800 	   2.00000	   0.17857	   1.14286	   1.14286	   0.00000
 1350.000000 	    90.409 	    61.547  	  -0.05183 	   0.03010 	   1.59660 	   4.00000	   0.17857	   1.14286	   1.14286	   0.00000
 1350.000000 	    56.869 	    32.529  	  -0.03074 	  -0.35069 	   0.27820 	   0.00000	   0.17857	   1.14286	   1.14286	   0.00000
 1350.000000 	   188.796 	    40.316  	  -0.00032 	  -0.00486 	   0.91240 	   2.00000	   0.17857	   1.14286	   1.14286	   0.00000
 1350.000000 	   159.065 	    27.789  	  -0.04703 	  -0.16973 	   1.46480 	   4.00000	   0.17857	   1.14286	   1.14286	   0.00000
 1350.000000 	    91.684 	    35.499  	   0.02968 	   0.04434 	   0.34260 	   0.00000	   0.17857	   1.14286	   1.14286	   0.00000
 1350.000000 	   104.677 	    29.982  	  -0.31336 	  -0.11910 	   1.12200 	   3.00000	   0.17857	   1.14286	   1.14286	   0.00000
 1350.000000 	    34.630 	    18.880  	  -0.04576 	   0.00211 	   0.00000 	   0.00000	   0.17857	   1.14286	   1.14286	   0.00000
 1350.000000 	    57.566 	    45.065  	   0.02809 	  -0.07759 	   1.67620 	   4.00000	   0.17857	   1.14286	   1.14286	   0.00000
 1350.000000 	   192.299 	    26.785  	   0.02975 	  -0.07680 	   0.00000 	   4.00000	   0.17857	   1.14286	   1.14286	   0.00000
 1350.000000 	   112.945 	    51.201  	  -0.33507 	   0.05181 	   0.45600 	   2.00000	   0.17857	   1.14286	   1.14286	   0.00000
 1350.000000 	   154.747 	    46.325  	   0.00000 	   0.00000 	   0.00000 	   0.00000	   0.17857	   1.14286	   1.14286	   0.00000
 1400.000000 	    70.294 	    14.541  	  -0.32810 	  -0.05982 	   0.16320 	   2.00000	   0.24138	   1.24138	   1.24138	   0.00000
 1400.000000 	    37.802 	    34.079  	   0.01471 	   0.02862 	   0.00000 	   0.00000	   0.24138	   1.24138	   1.24138	   0.00000
 1400.000000 	   112.392 	   190.114  	   0.01810 	   0.07688 	   1.61240 	   0.00000	   0.24138	   1.24138	   1.24138	   0.00000
 1400.000000 	   178.065 	   128.927  	  -0.00008 	  -0.00003 	   0.99120 	   0.00000	   0.24138	   1.24138	   1.24138	   0.00000
 1400.000000 	   161.782 	    37.925  	  -0.13169 	   0.00774 	   0.90000 	   3.00000	   0.24138	   1.24138	   1.24138	   0.00000
 1400.000000 	   140.937 	    16.336  	  -0.02055 	   0.00514 	   0.00000 	   0.00000	   0.24138	   1.24138	   1.24138	   0.00000
 1400.000000 	    65.609 	    83.058  	  -0.00715 	   0.06050 	   0.57580 	   0.00000	   0.24138	   1.24138	   1.24138	   0.00000
 1400.000000 	   124.470 	    23.227  	   0.00000 	   0.00000 	   1.00000 	   0.00000	   0.24138	   1.24138	   1.24138	   0.00000
 1400.000000 	   102.713 	    59.236  	  -0.02586 	  -0.01674 	   0.91160 	   0.00000	   0.24138	   1.24138	   1.24138	   0.00000
 1400.000000 	   214.895 	    15.156  	  -0.01407 	  -0.03310 	   0.00000 	   1.00000	   0.24138	   1.24138	   1.24138	   0.00000
 1400.000000 	   162.527 	   100.009  	   0.07728 	   0.19886 	   0.78800 	   0.00000	   0.24138	   1.24138	   1.24138	   0.00000
 1400.000000 	   158.329 	    59.801  	  -0.06233 	   0.04269 	   1.72620 	   0.00000	   0.24138	   1.24138	   1.24138	   0.00000
 1400.000000 	   216.643 	    29.452  	   0.07879 	  -0.04300 	   0.80920 	   2.00000	   0.24138	   1.24138	   1.24138	   0.00000
 1400.000000 	   182.505 	    14.977  	   0.01437 	   0.03038 	   0.23560 	   1.00000	   0.24138	   1.24138	   1.24138	   0.00000
 1400.000000 	    52.167 	    19.724  	  -0.01355 	   0.07577 	   0.10200 	   0.00000	   0.24138	   1.24138	   1.24138	   0.00000
 1400.000000 	    83.033 	    46.417  	  -0.00966 	  -0.01667 	   1.38040 	   5.00000	   0.24138	   1.24138	   1.24138	   0.00000
 1400.000000 	   117.590 	    14.670  	   0.03528 	  -0.05756 	   0.00000 	   0.00000	   0.24138	   1.24138	   1.24138	   0.00000
 1400.000000 	    87.744 	    62.513  	  -0.05332 	   0.01933 	   1.68040 	   1.00000	   0.24138	   1.24138	   1.24138	   0.00000
 1400.000000 	    58.275 	    19.819  	   0.02812 	  -0.25421 	   0.09540 	   2.00000	   0.24138	   1.24138	   1.24138	   0.00000
 1400.000000 	   194.488 	    36.424  	   0.11384 	  -0.07785 	   0.73360 	   0.00000	   0.24138	   1.24138	   1.24138	   0.00000
 1400.000000 	   166.293 	    24.768  	   0.14456 	  -0.06042 	   1.13740 	   1.00000	   0.24138	   1.24138	   1.24138	   0.00000
 1400.000000 	    95.589 	    38.221  	   0.07809 	   0.05444 	   0.11440 	   0.00000	   0.24138	   1.24138	   1.24138	   0.00000
 1400.000000 	   109.616 	    30.297  	   0.09878 	   0.00629 	   0.00000 	   1.00000	   0.24138	   1.24138	   1.24138	   0.00000
 1400.000000 	    33.680 	    27.568  	  -0.01900 	   0.17376 	   0.68480 	   0.00000	   0.24138	   1.24138	   1.24138	   0.00000
 1400.000000 	    55.533 	    48.456  	  -0.04066 	   0.06782 	   0.79920 	   3.00000	   0.24138	   1.24138	   1.24138	   0.00000
 1400.000000 	   195.870 	    25.681  	   0.07142 	  -0.02207 	   0.00000 	   1.00000	   0.24138	   1.24138	   1.24138	   0.00000
 1400.000000 	   113.016 	    51.195  	   0.00140 	  -0.00011 	   0.99000 	   1.00000	   0.24138	   1.24138	   1.24138	   0.00000
 1400.000000 	   145.758 	    46.797  	  -0.17980 	   0.00944 	   1.15800 	   4.00000	   0.24138	   1.24138	   1.24138	   0.00000
 1400.000000 	    84.914 	    38.276  	   0.00000 	   0.00000 	   0.00000 	   0.00000	   0.24138	   1.24138	   1.24138	   0.00000
 1450.000000 	    63.095 	    18.294  	  -0.14399 	   0.07506 	   1.73580 	   3.00000	   0.23333	   1.66667	   1.66667	   0.00000
 1450.000000 	    38.245 	    31.665  	   0.00885 	  -0.04827 	   0.49200 	   0.00000	   0.23333	   1.66667	   1.66667	   0.00000
 1450.000000 	   119.800 	   197.932  	   0.14815 	   0.15635 	   1.46900 	   0.00000	   0.23333	   1.66667	   1.66667	   0.00000
 1450.000000 	   184.318 	   139.023  	   0.12507 	   0.20192 	   0.18080 	   0.00000	   0.23333	   1.66667	   1.66667	   0.00000
 1450.000000 	   164.245 	    46.098  	   0.04927 	   0.16346 	   0.29980 	   2.00000	   0.23333	   1.66667	   1.66667	   0.00000
 1450.000000 	   147.430 	    12.229  	   0.12986 	  -0.08215 	   0.00000 	   1.00000	   0.23333	   1.66667	   1.66667	   0.00000
 1450.000000 	    76.557 	    91.957  	   0.21895 	   0.17798 	   1.58880 	   0.00000	   0.23333	   1.66667	   1.66667	   0.00000
 1450.000000 	   130.846 	    21.736  	   0.12752 	  -0.02980 	   0.33120 	   4.00000	   0.23333	   1.66667	   1.66667	   0.00000
 1450.000000 	    85.053 	    56.162  	  -0.35320 	  -0.06148 	   0.12460 	   0.00000	   0.23333	   1.66667	   1.66667	   0.00000
 1450.000000 	   217.112 	    14.885  	   0.04434 	  -0.00541 	   0.00000 	   1.00000	   0.23333	   1.66667	   1.66667	   0.00000
 1450.000000 	   164.407 	   101.605  	   0.03761 	   0.03193 	   0.91880 	   0.00000	   0.23333	   1.66667	   1.66667	   0.00000
 1450.000000 	   157.683 	    68.880  	  -0.01292 	   0.18160 	   1.58180 	   0.00000	   0.23333	   1.66667	   1.66667	   0.00000
 1450.000000 	   224.040 	    27.855  	   0.14794 	  -0.03194 	   0.00000 	   3.00000	   0.23333	   1.66667	   1.66667	   0.00000
 1450.000000 	   182.440 	    15.015  	  -0.00131 	   0.00075 	   0.96420 	   0.00000	   0.23333	   1.66667	   1.66667	   0.00000
 1450.000000 	    43.961 	    17.378  	  -0.16412 	  -0.04692 	   1.13380 	   0.00000	   0.23333	   1.66667	   1.66667	   0.00000
 1450.000000 	    81.071 	    43.168  	  -0.03923 	  -0.06498 	   1.72460 	   7.00000	   0.23333	   1.66667	   1.66667	   0.00000
 1450.000000 	   118.656 	    21.670  	   0.02133 	   0.13999 	   0.00000 	   2.00000	   0.23333	   1.66667	   1.66667	   0.00000
 1450.000000 	    88.860 	    65.257  	   0.02233 	   0.05488 	   1.69400 	   3.00000	   0.23333	   1.66667	   1.66667	   0.00000
 1450.000000 	    58.275 	    19.819  	   0.00000 	   0.00000 	   1.00000 	   0.00000	   0.23333	   1.66667	   1.66667	   0.00000
 1450.000000 	   196.718 	    36.426  	   0.04460 	   0.00005 	   0.90000 	   2.00000	   0.23333	   1.66667	   1.66667	   0.00000
 1450.000000 	   162.636 	    21.266  	  -0.07313 	  -0.07003 	   0.49840 	   1.00000	   0.23333	   1.66667	   1.66667	   0.00000
 1450.000000 	    96.089 	    39.381  	   0.01000 	   0.02319 	   0.00000 	   0.00000	   0.23333	   1.66667	   1.66667	   0.00000
 1450.000000 	   105.954 	    28.314  	  -0.07323 	  -0.03965 	   1.51400 	   3.00000	   0.23333	   1.66667	   1.66667	   0.00000
 1450.000000 	    33.418 	    29.765  	  -0.00525 	   0.04394 	   0.69560 	   0.00000	   0.23333	   1.66667	   1.66667	   0.00000
 1450.000000 	    59.303 	    43.123  	   0.07541 	  -0.10667 	   1.59500 	   4.00000	   0.23333	   1.66667	   1.66667	   0.00000
 1450.000000 	   201.546 	    22.554  	   0.11352 	  -0.06256 	   0.00000 	   3.00000	   0.23333	   1.66667	   1.66667	   0.00000
 1450.000000 	   100.572 	    47.841  	  -0.24887 	  -0.06708 	   0.22860 	   5.00000	   0.23333	   1.66667	   1.66667	   0.00000
 1450.000000 	   134.847 	    46.509  	  -0.21822 	  -0.00577 	   1.77320 	   4.00000	   0.23333	   1.66667	   1.66667	   0.00000
 1450.000000 	    86.002 	    35.681  	   0.02176 	  -0.05188 	   1.63800 	   5.00000	   0.23333	   1.66667	   1.66667	   0.00000
 1450.000000 	    77.405 	    32.671  	   0.00000 	   0.00000 	   0.00000 	   0.00000	   0.23333	   1.66667	   1.66667	   0.00000
 