           0 0.000000	46.653
        5000 50.000000	52.995	62.857
       10000 100.000000	52.558	68.228	80.490
       15000 150.000000	48.054	72.074	73.040	123.725
       20000 200.000000	49.012	80.241	68.435	129.499	103.211
       25000 250.000000	46.753	80.399	64.389	134.210	123.339	120.578
       30000 300.000000	52.105	82.061	64.024	133.877	136.935	112.859	56.104
       35000 350.000000	57.508	81.025	63.378	135.981	139.109	112.747	48.749	50.835
       40000 400.000000	71.779	76.224	63.565	142.265	137.694	110.944	43.526	65.382	126.883
       45000 450.000000	71.779	75.288	63.155	142.265	126.582	110.388	36.733	68.296	120.507	163.967
       50000 500.000000	75.682	71.815	62.171	146.688	119.299	114.176	34.626	73.173	124.754	158.231	86.107
       55000 550.000000	79.412	60.148	63.527	150.126	119.299	110.584	33.312	73.420	131.089	155.431	93.882	127.298
       60000 600.000000	81.693	53.458	65.797	152.265	115.598	108.286	33.124	77.600	133.450	156.164	99.986	128.293	149.434
       65000 650.000000	85.046	49.066	70.932	153.908	118.246	110.561	38.343	84.442	136.705	158.588	101.242	139.441	153.157	173.685
       70000 700.000000	92.182	44.940	71.125	157.062	121.520	113.730	36.489	84.573	140.797	163.143	105.009	136.785	159.865	160.463	96.915
       75000 750.000000	92.971	45.231	76.942	164.175	121.520	114.627	31.593	88.839	141.860	166.382	112.370	142.749	160.163	145.600	88.773	63.170
       80000 800.000000	101.549	36.142	79.599	167.767	126.844	115.276	37.821	100.320	138.115	170.598	113.645	147.406	168.041	143.400	83.725	59.517	118.390
       85000 850.000000	102.081	37.166	81.272	168.156	129.998	111.101	41.725	100.213	134.593	172.469	126.750	152.007	167.996	141.197	75.202	63.703	127.821	104.666
       90000 900.000000	98.745	31.284	85.816	170.335	153.830	112.653	42.697	108.445	134.062	173.589	126.824	154.648	174.829	151.736	63.467	65.901	127.829	92.191	63.195
       95000 950.000000	101.563	29.331	88.047	172.264	158.753	112.799	43.316	111.404	132.140	177.377	140.465	155.249	181.745	155.068	63.467	67.438	132.733	101.358	61.553	162.116
      100000 1000.000000	99.796	26.288	86.774	169.946	165.926	116.759	47.644	126.491	127.729	185.293	146.303	156.567	186.251	162.099	59.117	66.841	132.764	109.605	66.326	165.489	151.662
      105000 1050.000000	98.209	21.763	91.263	165.975	170.612	117.923	49.627	126.491	124.567	190.091	151.928	166.667	191.404	166.304	56.938	70.493	122.809	110.348	71.669	166.352	150.507	112.313
      110000 1100.000000	96.804	21.411	96.681	164.376	175.581	125.917	50.825	128.331	122.540	192.808	152.637	166.560	194.245	166.304	56.938	73.132	119.292	113.259	62.883	173.566	147.955	103.360	111.378
      115000 1150.000000	98.158	34.563	96.681	165.925	176.833	130.753	53.562	136.298	114.775	196.782	155.900	165.935	196.126	166.198	62.512	77.395	113.761	104.336	55.402	173.858	154.331	99.943	119.632	39.727
      120000 1200.000000	96.721	39.187	99.320	167.080	179.910	135.540	56.258	139.383	111.825	203.606	158.790	170.949	202.604	167.706	66.922	75.103	113.643	104.336	52.777	176.523	156.567	93.070	120.074	40.041	43.612
      125000 1250.000000	97.090	34.555	100.638	168.998	176.193	142.093	58.357	136.275	111.211	209.055	156.039	172.924	206.437	170.654	58.696	77.708	113.610	96.174	56.812	180.542	161.416	88.594	118.321	37.341	46.310	171.176
      130000 1300.000000	86.409	35.096	111.930	168.094	168.366	144.270	65.676	128.406	112.683	210.204	156.532	162.145	210.229	181.391	54.879	82.035	115.825	93.001	58.406	188.812	161.416	90.200	120.344	36.918	56.162	190.811	129.699
      135000 1350.000000	86.699	37.067	111.487	178.069	168.366	141.965	65.967	124.470	104.006	215.598	158.663	161.446	212.704	181.787	52.845	83.516	115.825	90.409	56.869	188.796	159.065	91.684	104.677	34.630	57.566	192.299	112.945	154.747
      140000 1400.000000	70.294	37.802	112.392	178.065	161.782	140.937	65.609	124.470	102.713	214.895	162.527	158.329	216.643	182.505	52.167	83.033	117.590	87.744	58.275	194.488	166.293	95.589	109.616	33.680	55.533	195.870	113.016	145.758	84.914
      145000 1450.000000	63.095	38.245	119.800	184.318	164.245	147.430	76.557	130.846	85.053	217.112	164.407	157.683	224.040	182.440	43.961	81.071	118.656	88.860	58.275	196.718	162.636	96.089	105.954	33.418	59.303	201.546	100.572	134.847	86.002	77.405
