           0 0.000000	38.330
        5000 50.000000	26.718	32.847
       10000 100.000000	14.760	30.296	39.775
       15000 150.000000	22.569	29.120	51.779	49.317
       20000 200.000000	27.432	22.325	62.364	52.381	35.515
       25000 250.000000	30.315	22.123	64.474	58.915	34.631	32.747
       30000 300.000000	35.690	20.670	62.729	58.006	34.153	28.798	44.031
       35000 350.000000	38.081	21.523	71.535	64.319	32.869	26.749	47.066	47.433
       40000 400.000000	24.519	16.095	73.780	67.888	33.557	25.667	53.013	58.536	39.380
       45000 450.000000	24.519	16.638	78.269	67.888	34.002	21.998	56.159	58.959	41.942	39.290
       50000 500.000000	24.584	11.107	81.236	64.343	33.734	19.359	56.756	69.548	45.915	37.516	46.068
       55000 550.000000	21.654	14.381	84.964	66.294	33.734	16.658	53.301	74.467	48.018	33.372	47.517	35.377
       60000 600.000000	21.870	15.439	88.499	72.273	30.558	15.558	54.823	63.970	49.769	26.848	50.439	29.841	50.113
       65000 650.000000	23.877	16.239	92.626	74.795	31.790	21.958	57.072	62.458	49.649	25.761	46.711	23.204	57.838	42.260
       70000 700.000000	21.378	24.229	92.622	80.862	24.087	17.397	53.050	63.044	42.433	30.144	46.604	14.952	58.070	43.867	33.519
       75000 750.000000	21.954	24.684	96.207	81.436	24.087	16.506	54.331	61.084	39.016	28.830	47.304	16.873	60.520	34.682	35.090	50.969
       80000 800.000000	26.927	27.749	101.089	77.233	18.190	15.739	56.532	58.462	41.226	31.272	47.425	29.838	52.747	33.817	33.384	62.952	35.447
       85000 850.000000	22.561	25.994	107.834	78.292	11.383	15.540	58.811	58.387	42.934	30.538	48.460	40.200	52.792	33.355	34.106	62.716	26.963	46.595
       90000 900.000000	18.727	28.573	114.278	77.265	15.015	15.420	59.388	49.817	41.590	26.486	51.728	43.677	47.880	28.993	30.907	63.565	26.752	50.626	43.292
       95000 950.000000	19.026	20.568	119.276	78.555	14.818	16.156	61.800	46.353	38.131	23.725	56.779	47.728	38.531	29.796	30.907	66.360	22.576	55.072	45.438	43.863
      100000 1000.000000	16.739	17.436	121.977	77.211	23.565	14.944	64.032	48.812	39.753	22.001	63.363	55.810	36.390	18.317	34.062	72.040	29.558	55.364	34.741	43.520	39.805
      105000 1050.000000	15.606	24.297	132.690	85.995	22.137	15.327	70.281	48.812	48.433	15.212	69.156	57.218	32.262	11.778	26.298	67.553	34.412	57.327	37.743	51.255	41.431	38.015
      110000 1100.000000	16.552	22.779	145.946	96.224	21.049	14.995	71.905	45.934	49.126	12.429	71.551	63.485	28.329	11.778	26.298	64.396	34.515	57.316	50.602	54.972	41.042	34.373	50.256
      115000 1150.000000	14.945	17.833	145.946	99.399	21.464	16.711	78.739	44.493	52.745	12.561	72.600	68.123	29.752	11.885	19.543	66.552	25.452	56.100	58.526	55.175	43.640	31.586	40.069	34.254
      120000 1200.000000	15.817	14.752	157.192	105.902	25.560	15.886	72.005	45.083	56.879	15.477	79.566	56.972	29.141	15.964	18.973	62.806	19.205	56.100	60.351	52.340	39.574	26.681	37.263	32.510	37.331
      125000 1250.000000	17.127	24.317	160.122	113.862	28.566	14.976	73.332	38.585	58.486	14.495	80.896	59.284	33.594	14.496	14.626	53.522	19.820	59.681	63.046	50.020	36.275	26.147	37.374	27.884	51.633	44.133
      130000 1300.000000	17.389	26.381	180.071	119.656	37.537	16.357	80.331	31.680	58.616	18.314	81.940	55.576	31.981	12.681	17.078	52.997	17.548	60.042	50.064	40.559	36.275	33.282	35.937	18.775	48.944	30.625	48.610
      135000 1350.000000	17.532	32.648	186.270	128.929	37.538	16.079	80.033	23.227	60.073	16.810	90.066	57.666	31.602	13.459	15.936	47.251	17.548	61.547	32.529	40.316	27.789	35.499	29.982	18.880	45.065	26.785	51.201	46.325
      140000 1400.000000	14.541	34.079	190.114	128.927	37.925	16.336	83.058	23.227	59.236	15.156	100.009	59.801	29.452	14.977	19.724	46.417	14.670	62.513	19.819	36.424	24.768	38.221	30.297	27.568	48.456	25.681	51.195	46.797	38.276
      145000 1450.000000	18.294	31.665	197.932	139.023	46.098	12.229	91.957	21.736	56.162	14.885	101.605	68.880	27.855	15.015	17.378	43.168	21.670	65.257	19.819	36.426	21.266	39.381	28.314	29.765	43.123	22.554	47.841	46.509	35.681	32.671
